1↕捕鱼船↕1↕4↕生活船↕[2,2,2,3,3]↕[3,3,4,4,5]↕2↕18↕1↕0↕34↕1↕[0,0]↕[300,300]↕1↕chuan1↕↕chuan1↕chuan1↕[0,-20]↕1.1↕300↕1⋚
2↕货轮↕2↕3↕运输船↕[2,2,2,3,3]↕[3,3,4,4,5]↕2↕19↕1↕10↕36↕1↕[0,0]↕[370,370]↕1↕chuan2↕↕chuan2↕chuan2↕[20,0]↕1.1↕370↕1⋚
3↕小皮筏↕27↕2↕娱乐船↕[2,2,2,3,3]↕[3,3,4,4,5]↕2↕20↕1↕30↕38↕1↕[0,0]↕[350,350]↕1↕chuan27↕↕chuan27↕chuan27↕[-20,-30]↕0.48↕350↕0.4⋚
4↕小竹排↕4↕4↕生活船↕[2,2,2,3,3]↕[3,3,4,4,5]↕2↕21↕1↕60↕39↕1↕[0,0]↕[460,460]↕1↕chuan4Move↕↕chuan4Idle↕chuan4Move↕[0,0]↕0.385↕460↕0.35⋚
5↕货运船↕5↕3↕运输船↕[2,2,2,3,3]↕[3,3,4,4,5]↕2↕22↕1↕90↕41↕1↕[0,0]↕[540,540]↕1↕chuan5↕↕chuan5↕chuan5↕[0,-20]↕0.77↕540↕0.7⋚
6↕鲁滨逊漂流↕6↕4↕生活船↕[2,2,2,3,3]↕[3,3,4,4,5]↕2↕23↕1↕120↕43↕1↕[0,0]↕[234,234]↕1↕chuan6Move↕↕chuan6Idle↕chuan6Move↕[20,-10]↕0.77↕234↕0.7⋚
7↕木船↕7↕4↕生活船↕[2,2,2,3,3]↕[3,3,4,4,5]↕2↕24↕1↕160↕45↕1↕[0,0]↕[300,300]↕1↕chuan7↕↕chuan7↕chuan7↕[0,0]↕1.1↕300↕1⋚
8↕潜水艇↕8↕1↕科技船↕[2,2,2,3,3]↕[3,3,4,4,5]↕2↕25↕1↕200↕47↕1↕[0,0]↕[354,354]↕1↕chuan8Move↕chuan8qiehuan↕chuan8Ilde↕chuan8Ilde↕[-10,-10]↕1.1↕354↕1⋚
9↕载佛船↕9↕3↕运输船↕[2,2,2,3,3]↕[3,3,4,4,5]↕2↕26↕1↕240↕49↕1↕[0,0]↕[270,270]↕0↕ship9↕↕ship9↕ship9↕[0,-20]↕0.935↕270↕0.85⋚
10↕礼物船↕10↕3↕运输船↕[2,2,2,3,3]↕[3,3,4,4,5]↕2↕27↕1↕280↕51↕1↕[0,0]↕[335,335]↕0↕ship10↕↕ship10↕ship10↕[20,0]↕1.1↕335↕1⋚
11↕挖机水上漂↕11↕1↕科技船↕[2,2,2,3,3]↕[3,3,4,4,5]↕2↕28↕1↕320↕53↕1↕[0,0]↕[360,360]↕0↕ship11↕↕shipIdle11↕ship11↕[-20,-60]↕0.77↕360↕0.7⋚
12↕路飞钓鱼↕12↕4↕生活船↕[2,2,2,3,3]↕[3,3,4,4,5]↕2↕29↕1↕360↕55↕1↕[0,0]↕[225,225]↕1↕chuan12↕↕chuan12↕chuan12↕[10,0]↕0.77↕225↕0.7⋚
13↕运车船↕13↕3↕运输船↕[3,3,3,4,4]↕[4,4,5,5,6]↕3↕30↕1↕400↕57↕1↕[0,0]↕[500,500]↕1↕chuan13↕↕chuan13↕chuan13↕[0,0]↕0.9↕500↕0.75⋚
14↕游轮↕14↕2↕娱乐船↕[3,3,3,4,4]↕[4,4,5,5,6]↕3↕31↕1↕440↕58↕1↕[0,0]↕[340,340]↕1↕chuan14↕↕chuan14↕chuan14↕[20,-10]↕1.2↕340↕1⋚
15↕破冰船↕15↕1↕科技船↕[3,3,3,4,4]↕[4,4,5,5,6]↕3↕32↕1↕480↕60↕1↕[0,0]↕[500,500]↕1↕chuan15↕↕chuan15↕chuan15↕[0,-30]↕0.72↕500↕0.6⋚
16↕豪华游轮↕16↕2↕娱乐船↕[3,3,3,4,4]↕[4,4,5,5,6]↕3↕33↕1↕520↕62↕1↕[0,0]↕[500,500]↕1↕chuan16↕↕chuan16↕chuan16↕[0,-30]↕0.9↕500↕0.75⋚
17↕帆船↕17↕2↕娱乐船↕[3,3,3,4,4]↕[4,4,5,5,6]↕3↕34↕1↕560↕64↕1↕[0,0]↕[460,460]↕1↕chuan17↕↕chuan17↕chuan17↕[0,0]↕0.54↕460↕0.45⋚
18↕运菜船↕18↕2↕娱乐船↕[3,3,3,4,4]↕[4,4,5,5,6]↕3↕35↕1↕600↕66↕1↕[0,0]↕[500,500]↕1↕chuan18↕↕chuan18↕chuan18↕[0,-20]↕0.72↕500↕0.6⋚
19↕香蕉船↕19↕3↕运输船↕[3,3,3,4,4]↕[4,4,5,5,6]↕3↕36↕1↕640↕68↕1↕[0,0]↕[400,400]↕1↕chuan19↕↕chuan19↕chuan19↕[0,-20]↕0.72↕400↕0.6⋚
20↕榴莲船↕20↕3↕运输船↕[3,3,3,4,4]↕[4,4,5,5,6]↕3↕37↕1↕680↕70↕1↕[0,0]↕[420,420]↕1↕chuan20↕↕chuan20↕chuan20↕[0,-20]↕0.96↕420↕0.8⋚
21↕小游艇↕21↕2↕娱乐船↕[3,3,3,4,4]↕[4,4,5,5,6]↕3↕38↕1↕720↕72↕1↕[0,0]↕[460,460]↕1↕chuan21↕↕chuan21↕chuan21↕[0,-20]↕0.9↕460↕0.75⋚
22↕轰趴船↕22↕2↕娱乐船↕[3,3,3,4,4]↕[4,4,5,5,6]↕3↕39↕1↕760↕74↕1↕[0,0]↕[460,460]↕1↕chuan22↕↕chuan22↕chuan22↕[0,-30]↕0.84↕460↕0.7⋚
23↕运木船↕23↕3↕运输船↕[4,4,4,5,5]↕[5,5,6,6,7]↕4↕40↕1↕800↕76↕1↕[0,0]↕[420,420]↕1↕chuan23↕↕chuan23↕chuan23↕[0,-30]↕1.02↕420↕0.85⋚
24↕勘探船↕24↕1↕科技船↕[4,4,4,5,5]↕[5,5,6,6,7]↕4↕41↕1↕840↕77↕1↕[0,0]↕[430,430]↕1↕chuan24↕↕chuan24↕chuan24↕[-40,40]↕0.66↕430↕0.55⋚
25↕打捞船↕25↕1↕科技船↕[4,4,4,5,5]↕[5,5,6,6,7]↕4↕42↕1↕880↕79↕1↕[0,0]↕[500,500]↕1↕chuan25↕↕chuan25↕chuan25↕[0,40]↕0.84↕500↕0.7⋚
26↕急救船↕26↕1↕科技船↕[4,4,4,5,5]↕[5,5,6,6,7]↕4↕43↕1↕920↕81↕1↕[0,0]↕[430,430]↕1↕chuan26↕↕chuan26↕chuan26↕[0,-30]↕0.9↕430↕0.75⋚
27↕皮筏艇↕27↕4↕生活船↕[4,4,4,5,5]↕[5,5,6,6,7]↕4↕44↕1↕960↕83↕1↕[0,0]↕[350,350]↕1↕chuan27↕↕chuan27↕chuan27↕[-20,-30]↕0.48↕350↕0.4⋚
28↕双人快艇↕28↕2↕娱乐船↕[4,4,4,5,5]↕[5,5,6,6,7]↕4↕45↕1↕1000↕85↕1↕[0,0]↕[440,440]↕1↕chuan28↕↕chuan28↕chuan28↕[-20,-30]↕0.78↕440↕0.65⋚
29↕桥墩船↕29↕3↕运输船↕[4,4,4,5,5]↕[5,5,6,6,7]↕4↕46↕1↕1040↕87↕1↕[0,0]↕[500,500]↕1↕chuan29↕↕chuan29↕chuan29↕[0,0]↕0.9↕500↕0.75⋚
30↕航空母舰↕30↕1↕科技船↕[4,4,4,5,5]↕[5,5,6,6,7]↕4↕47↕1↕1080↕89↕1↕[0,0]↕[550,550]↕1↕chuan30↕↕chuan30↕chuan30↕[10,-10]↕0.87↕550↕0.87⋚
31↕油轮↕31↕2↕娱乐船↕[4,4,4,5,5]↕[5,5,6,6,7]↕4↕48↕1↕1120↕91↕1↕[0,0]↕[450,450]↕1↕chuan31↕↕chuan31↕chuan31↕[0,0]↕0.8↕450↕1⋚
32↕货轮↕32↕2↕娱乐船↕[4,4,4,5,5]↕[5,5,6,6,7]↕4↕49↕1↕1160↕93↕1↕[0,0]↕[460,460]↕1↕chuan32↕↕chuan32↕chuan32↕[0,0]↕0.8↕460↕1⋚
33↕造浪船↕33↕1↕科技船↕[5,5,5,6,6]↕[6,6,7,7,8]↕5↕50↕1↕1200↕95↕1↕[0,0]↕[460,460]↕1↕chuan33↕↕chuan33↕chuan33↕[0,-20]↕0.8↕460↕1⋚
34↕牵引船↕34↕1↕科技船↕[5,5,5,6,6]↕[6,6,7,7,8]↕5↕51↕1↕1240↕96↕1↕[0,0]↕[500,500]↕1↕chuan34↕↕chuan34↕chuan34↕[0,-20]↕0.65↕500↕1⋚
35↕起重船↕35↕1↕科技船↕[5,5,5,6,6]↕[6,6,7,7,8]↕5↕52↕1↕1280↕98↕1↕[0,0]↕[480,480]↕1↕chuan35↕↕chuan35↕chuan35↕[0,-20]↕0.8↕480↕1⋚
36↕水质检测船↕36↕1↕科技船↕[5,5,5,6,6]↕[6,6,7,7,8]↕5↕53↕1↕1320↕100↕1↕[0,0]↕[500,500]↕1↕chuan36↕↕chuan36↕chuan36↕[0,-20]↕0.66↕500↕1⋚
37↕探索船↕37↕1↕科技船↕[5,5,5,6,6]↕[6,6,7,7,8]↕5↕54↕1↕1360↕102↕1↕[0,0]↕[478,478]↕1↕chuan37↕↕chuan37↕chuan37↕[0,-20]↕0.8↕478↕1⋚
38↕矿物勘探船↕38↕1↕科技船↕[5,5,5,6,6]↕[6,6,7,7,8]↕5↕55↕1↕1400↕104↕1↕[0,0]↕[500,500]↕1↕chuan38↕↕chuan38↕chuan38↕[0,-20]↕0.7↕500↕1⋚
39↕海洋考察船↕39↕1↕科技船↕[5,5,5,6,6]↕[6,6,7,7,8]↕5↕56↕1↕1440↕106↕1↕[0,0]↕[500,500]↕1↕chuan39↕↕chuan39↕chuan39↕[0,-20]↕0.7↕500↕1⋚
40↕排水船↕40↕1↕科技船↕[5,5,5,6,6]↕[6,6,7,7,8]↕5↕57↕1↕1480↕108↕1↕[0,0]↕[600,600]↕1↕chuan40↕↕chuan40↕chuan40↕[0,-30]↕0.55↕600↕1⋚
41↕探险者↕41↕1↕科技船↕[5,5,5,6,6]↕[6,6,7,7,8]↕5↕58↕1↕1520↕110↕1↕[0,0]↕[600,600]↕1↕chuan41↕↕chuan41↕chuan41↕[0,-20]↕0.6↕600↕1⋚
42↕航洋绘测船↕42↕1↕科技船↕[5,5,5,6,6]↕[6,6,7,7,8]↕5↕59↕1↕1560↕112↕1↕[0,0]↕[500,500]↕1↕chuan42↕↕chuan42↕chuan42↕[0,-30]↕0.6↕500↕1⋚
43↕卫星通讯船↕43↕1↕科技船↕[6,6,6,7,7]↕[7,7,8,8,9]↕6↕60↕1↕1600↕114↕1↕[0,0]↕[600,600]↕1↕chuan43↕↕chuan43↕chuan43↕[0,-20]↕0.6↕600↕1⋚
44↕物流船↕44↕3↕运输船↕[6,6,6,7,7]↕[7,7,8,8,9]↕6↕61↕1↕1640↕115↕1↕[0,0]↕[600,600]↕1↕chuan44↕↕chuan44↕chuan44↕[0,-20]↕0.65↕600↕1⋚
45↕运瓜船↕45↕3↕运输船↕[6,6,6,7,7]↕[7,7,8,8,9]↕6↕62↕1↕1680↕117↕1↕[0,0]↕[380,380]↕1↕chuan45↕↕chuan45↕chuan45↕[0,-20]↕0.8↕380↕1⋚
46↕商贸船↕46↕3↕运输船↕[6,6,6,7,7]↕[7,7,8,8,9]↕6↕63↕1↕1720↕119↕1↕[0,0]↕[380,380]↕1↕chuan46↕↕chuan46↕chuan46↕[0,-20]↕0.8↕380↕1⋚
47↕木板船↕47↕4↕生活船↕[6,6,6,7,7]↕[7,7,8,8,9]↕6↕64↕1↕1760↕121↕1↕[0,0]↕[550,550]↕1↕chuan47↕↕chuan47↕chuan47↕[0,-20]↕0.65↕550↕1⋚
48↕线缆运输船↕48↕3↕运输船↕[6,6,6,7,7]↕[7,7,8,8,9]↕6↕65↕1↕1800↕123↕1↕[0,0]↕[600,600]↕1↕chuan48↕↕chuan48↕chuan48↕[0,-20]↕0.65↕600↕1⋚
49↕果农船↕49↕3↕运输船↕[6,6,6,7,7]↕[7,7,8,8,9]↕6↕66↕1↕1840↕125↕1↕[0,0]↕[450,450]↕1↕chuan49↕↕chuan49↕chuan49↕[0,-20]↕0.8↕450↕1⋚
50↕观光船↕50↕2↕娱乐船↕[6,6,6,7,7]↕[7,7,8,8,9]↕6↕67↕1↕1880↕127↕1↕[0,0]↕[450,450]↕1↕chuan50↕↕chuan50↕chuan50↕[0,-20]↕0.8↕450↕1⋚
51↕捕鱼船↕51↕4↕生活船↕[6,6,6,7,7]↕[7,7,8,8,9]↕6↕68↕1↕1920↕129↕1↕[0,0]↕[500,500]↕1↕chuan51↕↕chuan51↕chuan51↕[0,-20]↕0.7↕500↕1⋚
52↕海上露营船↕52↕2↕娱乐船↕[6,6,6,7,7]↕[7,7,8,8,9]↕6↕69↕1↕1960↕131↕1↕[0,0]↕[600,600]↕1↕chuan52↕↕chuan52↕chuan52↕[0,-20]↕0.55↕600↕1⋚
53↕电力作业船↕53↕4↕生活船↕[7,7,7,8,8]↕[8,8,9,9,10]↕7↕70↕1↕2000↕133↕1↕[0,0]↕[555,555]↕1↕chuan53↕↕chuan53↕chuan53↕[0,-20]↕0.7↕555↕1⋚
54↕肥料运输船↕54↕3↕运输船↕[7,7,7,8,8]↕[8,8,9,9,10]↕7↕71↕1↕2040↕134↕1↕[0,0]↕[555,555]↕1↕chuan54↕↕chuan54↕chuan54↕[0,-20]↕0.7↕555↕1⋚
55↕补油船↕55↕4↕生活船↕[7,7,7,8,8]↕[8,8,9,9,10]↕7↕72↕1↕2080↕136↕1↕[0,0]↕[555,555]↕1↕chuan55↕↕chuan55↕chuan55↕[0,-20]↕0.7↕555↕1⋚
56↕物资调配船↕56↕4↕生活船↕[7,7,7,8,8]↕[8,8,9,9,10]↕7↕73↕1↕2120↕138↕1↕[0,0]↕[555,555]↕1↕chuan56↕↕chuan56↕chuan56↕[0,-20]↕0.7↕555↕1⋚
57↕远洋游轮舰↕57↕2↕娱乐船↕[7,7,7,8,8]↕[8,8,9,9,10]↕7↕74↕1↕2160↕140↕1↕[0,0]↕[555,555]↕1↕chuan57↕↕chuan57↕chuan57↕[0,-20]↕0.7↕555↕1⋚
58↕小型渡江船↕58↕4↕生活船↕[7,7,7,8,8]↕[8,8,9,9,10]↕7↕75↕1↕2200↕142↕1↕[0,0]↕[480,480]↕1↕chuan58↕↕chuan58↕chuan58↕[0,-20]↕0.65↕480↕1⋚
59↕巡河船↕59↕4↕生活船↕[7,7,7,8,8]↕[8,8,9,9,10]↕7↕76↕1↕2240↕144↕1↕[0,0]↕[480,480]↕1↕chuan59↕↕chuan59↕chuan59↕[0,-20]↕0.65↕480↕1⋚
60↕救援船↕60↕1↕科技船↕[7,7,7,8,8]↕[8,8,9,9,10]↕7↕77↕1↕2280↕146↕1↕[0,0]↕[480,480]↕1↕chuan60↕↕chuan60↕chuan60↕[0,-20]↕0.65↕480↕1⋚
61↕信号增强船↕61↕1↕科技船↕[7,7,7,8,8]↕[8,8,9,9,10]↕7↕78↕1↕2320↕148↕1↕[0,0]↕[480,480]↕1↕chuan61↕↕chuan61↕chuan61↕[0,-20]↕0.8↕480↕1⋚
62↕海面观光船↕62↕2↕娱乐船↕[7,7,7,8,8]↕[8,8,9,9,10]↕7↕79↕1↕2360↕150↕1↕[0,0]↕[444,444]↕1↕chuan62↕↕chuan62↕chuan62↕[0,-20]↕0.8↕444↕1⋚
63↕除藻船↕63↕4↕生活船↕[8,8,8,9,9]↕[9,9,10,10,11]↕8↕80↕1↕2400↕152↕1↕[0,0]↕[366,366]↕1↕chuan63↕↕chuan63↕chuan63↕[0,-20]↕0.8↕366↕1⋚
64↕巡洋舰↕64↕1↕科技船↕[8,8,8,9,9]↕[9,9,10,10,11]↕8↕81↕1↕2440↕153↕1↕[0,0]↕[555,555]↕1↕chuan64↕↕chuan64↕chuan64↕[0,-30]↕0.7↕555↕1⋚
65↕炼油船↕65↕1↕科技船↕[8,8,8,9,9]↕[9,9,10,10,11]↕8↕82↕1↕2480↕155↕1↕[0,0]↕[477,477]↕1↕chuan65↕↕chuan65↕chuan65↕[0,-30]↕0.7↕477↕1⋚
66↕小型游艇↕66↕2↕娱乐船↕[8,8,8,9,9]↕[9,9,10,10,11]↕8↕83↕1↕2520↕157↕1↕[0,0]↕[555,555]↕1↕chuan66↕↕chuan66↕chuan66↕[0,-30]↕0.6↕555↕1⋚
67↕娱乐船↕67↕2↕娱乐船↕[8,8,8,9,9]↕[9,9,10,10,11]↕8↕84↕1↕2560↕159↕1↕[0,0]↕[480,480]↕1↕chuan67↕↕chuan67↕chuan67↕[0,-20]↕0.8↕480↕1⋚
68↕紧急避难船↕68↕4↕生活船↕[8,8,8,9,9]↕[9,9,10,10,11]↕8↕85↕1↕2600↕161↕1↕[0,0]↕[450,450]↕1↕chuan68↕↕chuan68↕chuan68↕[0,-20]↕0.8↕450↕1⋚
69↕远程游艇↕69↕2↕娱乐船↕[8,8,8,9,9]↕[9,9,10,10,11]↕8↕86↕1↕2640↕163↕1↕[0,0]↕[500,500]↕1↕chuan69↕↕chuan69↕chuan69↕[0,-20]↕0.7↕500↕1⋚
70↕划桨观光船↕70↕2↕娱乐船↕[8,8,8,9,9]↕[9,9,10,10,11]↕8↕87↕1↕2680↕165↕1↕[0,0]↕[333,333]↕1↕chuan70Move↕↕chuan70Idle↕chuan70Move↕[0,0]↕0.9↕333↕1⋚
71↕双人游艇↕71↕2↕娱乐船↕[8,8,8,9,9]↕[9,9,10,10,11]↕8↕88↕1↕2720↕167↕1↕[0,0]↕[333,333]↕1↕chuan71Move↕↕chuan71Idle↕chuan71Move↕[0,0]↕0.9↕333↕1⋚
72↕风帆↕72↕2↕娱乐船↕[8,8,8,9,9]↕[9,9,10,10,11]↕8↕89↕1↕2760↕169↕1↕[0,0]↕[333,333]↕1↕chuan72Move↕↕chuan72Idle↕chuan72Move↕[-20,20]↕0.8↕333↕1⋚
73↕冲浪帆↕73↕2↕娱乐船↕[9,9,9,10,10]↕[10,10,11,11,12]↕9↕90↕1↕2800↕171↕1↕[0,0]↕[333,333]↕1↕chuan73Move↕↕chuan73Idle↕chuan73Move↕[-20,20]↕0.8↕333↕1⋚
74↕景区咖啡船↕74↕2↕娱乐船↕[9,9,9,10,10]↕[10,10,11,11,12]↕9↕91↕1↕2840↕172↕1↕[0,0]↕[333,333]↕1↕chuan74Move↕↕chuan74Idle↕chuan74Move↕[0,20]↕0.6↕333↕1⋚
75↕单人皮划船↕75↕2↕娱乐船↕[9,9,9,10,10]↕[10,10,11,11,12]↕9↕92↕1↕2880↕174↕1↕[0,0]↕[333,333]↕1↕chuan75Move↕↕chuan75Idle↕chuan75Move↕[-20,-30]↕0.75↕333↕1⋚
76↕双人脚踏船↕76↕2↕娱乐船↕[9,9,9,10,10]↕[10,10,11,11,12]↕9↕93↕1↕2920↕176↕1↕[0,0]↕[333,333]↕1↕chuan76Move↕↕chuan76Idle↕chuan76Move↕[-20,0]↕0.8↕333↕1⋚
77↕景区观光船↕77↕2↕娱乐船↕[9,9,9,10,10]↕[10,10,11,11,12]↕9↕94↕1↕2960↕178↕1↕[0,0]↕[333,333]↕1↕chuan77Move↕↕chuan77Idle↕chuan77Move↕[-20,0]↕0.8↕333↕1⋚
78↕卡车船↕78↕2↕娱乐船↕[9,9,9,10,10]↕[10,10,11,11,12]↕9↕95↕1↕3000↕180↕1↕[0,0]↕[360,360]↕1↕chuan78Move↕↕chuan78Idle↕chuan78Move↕[-10,-30]↕0.8↕360↕1⋚
79↕家庭游轮↕79↕2↕娱乐船↕[9,9,9,10,10]↕[10,10,11,11,12]↕9↕96↕1↕3040↕182↕1↕[0,0]↕[400,400]↕1↕chuan79Move↕↕chuan79Idle↕chuan79Move↕[0,-30]↕0.8↕400↕1⋚
80↕母子皮伐圈↕80↕2↕娱乐船↕[9,9,9,10,10]↕[10,10,11,11,12]↕9↕97↕1↕3080↕184↕1↕[0,0]↕[333,333]↕1↕chuan80↕↕chuan80↕chuan80↕[0,-10]↕0.8↕333↕1⋚
81↕信号接收船↕81↕1↕科技船↕[9,9,9,10,10]↕[10,10,11,11,12]↕9↕98↕1↕3120↕186↕1↕[0,0]↕[400,400]↕1↕chuan81Move↕↕chuan81Idle↕chuan81Move↕[-10,20]↕0.8↕400↕1⋚
82↕捕鱼船↕1↕4↕生活船↕[9,9,9,10,10]↕[10,10,11,11,12]↕9↕58↕1↕3160↕110↕1↕[0,0]↕[300,300]↕1↕chuan1↕↕chuan1↕chuan1↕[0,-20]↕1.1↕300↕⋚
83↕货轮↕2↕3↕运输船↕[9,9,9,10,10]↕[10,10,11,11,12]↕9↕59↕1↕3200↕112↕1↕[0,0]↕[370,370]↕1↕chuan2↕↕chuan2↕chuan2↕[20,0]↕1.1↕370↕⋚
84↕小皮筏↕27↕2↕娱乐船↕[9,9,9,10,10]↕[10,10,11,11,12]↕9↕60↕1↕3240↕114↕1↕[0,0]↕[350,350]↕1↕chuan27↕↕chuan27↕chuan27↕[-20,-30]↕0.48↕350↕⋚
85↕小竹排↕4↕4↕生活船↕[9,9,9,10,10]↕[10,10,11,11,12]↕9↕61↕1↕3280↕115↕1↕[0,0]↕[460,460]↕1↕chuan4Move↕↕chuan4Idle↕chuan4Move↕[0,0]↕0.385↕460↕⋚
86↕货运船↕5↕3↕运输船↕[9,9,9,10,10]↕[10,10,11,11,12]↕9↕62↕1↕3320↕117↕1↕[0,0]↕[540,540]↕1↕chuan5↕↕chuan5↕chuan5↕[0,-20]↕0.77↕540↕⋚
87↕鲁滨逊漂流↕6↕4↕生活船↕[9,9,9,10,10]↕[10,10,11,11,12]↕9↕63↕1↕3360↕119↕1↕[0,0]↕[234,234]↕1↕chuan6Move↕↕chuan6Idle↕chuan6Move↕[20,-10]↕0.77↕234↕⋚
88↕木船↕7↕4↕生活船↕[9,9,9,10,10]↕[10,10,11,11,12]↕9↕64↕1↕3400↕121↕1↕[0,0]↕[300,300]↕1↕chuan7↕↕chuan7↕chuan7↕[0,0]↕1.1↕300↕⋚
89↕潜水艇↕8↕1↕科技船↕[9,9,9,10,10]↕[10,10,11,11,12]↕9↕65↕1↕3440↕123↕1↕[0,0]↕[354,354]↕1↕chuan8Move↕chuan8qiehuan↕chuan8Ilde↕chuan8Ilde↕[-10,-10]↕1.1↕354↕⋚
90↕载佛船↕9↕3↕运输船↕[9,9,9,10,10]↕[10,10,11,11,12]↕9↕66↕1↕3480↕125↕1↕[0,0]↕[270,270]↕0↕ship9↕↕ship9↕ship9↕[0,-20]↕0.935↕270↕⋚
91↕礼物船↕10↕3↕运输船↕[9,9,9,10,10]↕[10,10,11,11,12]↕9↕67↕1↕3520↕127↕1↕[0,0]↕[335,335]↕0↕ship10↕↕ship10↕ship10↕[20,0]↕1.1↕335↕⋚
92↕挖机水上漂↕11↕1↕科技船↕[9,9,9,10,10]↕[10,10,11,11,12]↕9↕68↕1↕3560↕129↕1↕[0,0]↕[360,360]↕0↕ship11↕↕shipIdle11↕ship11↕[-20,-60]↕0.77↕360↕⋚
93↕路飞钓鱼↕12↕4↕生活船↕[9,9,9,10,10]↕[10,10,11,11,12]↕9↕69↕1↕3600↕131↕1↕[0,0]↕[225,225]↕1↕chuan12↕↕chuan12↕chuan12↕[10,0]↕0.77↕225↕⋚
94↕运车船↕13↕3↕运输船↕[9,9,9,10,10]↕[10,10,11,11,12]↕9↕70↕1↕3640↕133↕1↕[0,0]↕[500,500]↕1↕chuan13↕↕chuan13↕chuan13↕[0,0]↕0.9↕500↕⋚
95↕游轮↕14↕2↕娱乐船↕[9,9,9,10,10]↕[10,10,11,11,12]↕9↕71↕1↕3680↕134↕1↕[0,0]↕[340,340]↕1↕chuan14↕↕chuan14↕chuan14↕[20,-10]↕1.2↕340↕⋚
96↕破冰船↕15↕1↕科技船↕[9,9,9,10,10]↕[10,10,11,11,12]↕9↕72↕1↕3720↕136↕1↕[0,0]↕[500,500]↕1↕chuan15↕↕chuan15↕chuan15↕[0,-30]↕0.72↕500↕⋚
97↕豪华游轮↕16↕2↕娱乐船↕[9,9,9,10,10]↕[10,10,11,11,12]↕9↕73↕1↕3760↕138↕1↕[0,0]↕[500,500]↕1↕chuan16↕↕chuan16↕chuan16↕[0,-30]↕0.9↕500↕⋚
98↕帆船↕17↕2↕娱乐船↕[9,9,9,10,10]↕[10,10,11,11,12]↕9↕74↕1↕3800↕140↕1↕[0,0]↕[460,460]↕1↕chuan17↕↕chuan17↕chuan17↕[0,0]↕0.54↕460↕⋚
99↕运菜船↕18↕2↕娱乐船↕[9,9,9,10,10]↕[10,10,11,11,12]↕9↕75↕1↕3840↕142↕1↕[0,0]↕[500,500]↕1↕chuan18↕↕chuan18↕chuan18↕[0,-20]↕0.72↕500↕⋚
100↕香蕉船↕19↕3↕运输船↕[9,9,9,10,10]↕[10,10,11,11,12]↕9↕76↕1↕3880↕144↕1↕[0,0]↕[400,400]↕1↕chuan19↕↕chuan19↕chuan19↕[0,-20]↕0.72↕400↕⋚
101↕榴莲船↕20↕3↕运输船↕[9,9,9,10,10]↕[10,10,11,11,12]↕9↕77↕1↕3920↕146↕1↕[0,0]↕[420,420]↕1↕chuan20↕↕chuan20↕chuan20↕[0,-20]↕0.96↕420↕⋚
102↕小游艇↕21↕2↕娱乐船↕[9,9,9,10,10]↕[10,10,11,11,12]↕9↕78↕1↕3960↕148↕1↕[0,0]↕[460,460]↕1↕chuan21↕↕chuan21↕chuan21↕[0,-20]↕0.9↕460↕⋚
103↕轰趴船↕22↕2↕娱乐船↕[9,9,9,10,10]↕[10,10,11,11,12]↕9↕79↕1↕4000↕150↕1↕[0,0]↕[460,460]↕1↕chuan22↕↕chuan22↕chuan22↕[0,-30]↕0.84↕460↕⋚
104↕运木船↕23↕3↕运输船↕[9,9,9,10,10]↕[10,10,11,11,12]↕9↕80↕1↕4040↕152↕1↕[0,0]↕[420,420]↕1↕chuan23↕↕chuan23↕chuan23↕[0,-30]↕1.02↕420↕⋚
105↕勘探船↕24↕1↕科技船↕[9,9,9,10,10]↕[10,10,11,11,12]↕9↕81↕1↕4080↕153↕1↕[0,0]↕[430,430]↕1↕chuan24↕↕chuan24↕chuan24↕[-40,40]↕0.66↕430↕⋚
106↕打捞船↕25↕1↕科技船↕[9,9,9,10,10]↕[10,10,11,11,12]↕9↕82↕1↕4120↕155↕1↕[0,0]↕[500,500]↕1↕chuan25↕↕chuan25↕chuan25↕[0,40]↕0.84↕500↕⋚
107↕急救船↕26↕1↕科技船↕[9,9,9,10,10]↕[10,10,11,11,12]↕9↕83↕1↕4160↕157↕1↕[0,0]↕[430,430]↕1↕chuan26↕↕chuan26↕chuan26↕[0,-30]↕0.9↕430↕⋚
108↕皮筏艇↕27↕4↕生活船↕[9,9,9,10,10]↕[10,10,11,11,12]↕9↕84↕1↕4200↕159↕1↕[0,0]↕[350,350]↕1↕chuan27↕↕chuan27↕chuan27↕[-20,-30]↕0.48↕350↕⋚
109↕双人快艇↕28↕2↕娱乐船↕[9,9,9,10,10]↕[10,10,11,11,12]↕9↕85↕1↕4240↕161↕1↕[0,0]↕[440,440]↕1↕chuan28↕↕chuan28↕chuan28↕[-20,-30]↕0.78↕440↕⋚
110↕桥墩船↕29↕3↕运输船↕[9,9,9,10,10]↕[10,10,11,11,12]↕9↕86↕1↕4280↕163↕1↕[0,0]↕[500,500]↕1↕chuan29↕↕chuan29↕chuan29↕[0,0]↕0.9↕500↕⋚
111↕航空母舰↕30↕1↕科技船↕[9,9,9,10,10]↕[10,10,11,11,12]↕9↕87↕1↕4320↕165↕1↕[0,0]↕[550,550]↕1↕chuan30↕↕chuan30↕chuan30↕[10,-10]↕0.87↕550↕⋚
112↕油轮↕31↕2↕娱乐船↕[9,9,9,10,10]↕[10,10,11,11,12]↕9↕88↕1↕4360↕167↕1↕[0,0]↕[450,450]↕1↕chuan31↕↕chuan31↕chuan31↕[0,0]↕0.8↕450↕⋚
113↕货轮↕32↕2↕娱乐船↕[9,9,9,10,10]↕[10,10,11,11,12]↕9↕89↕1↕4400↕169↕1↕[0,0]↕[460,460]↕1↕chuan32↕↕chuan32↕chuan32↕[0,0]↕0.8↕460↕⋚
114↕造浪船↕33↕1↕科技船↕[9,9,9,10,10]↕[10,10,11,11,12]↕9↕90↕1↕4440↕171↕1↕[0,0]↕[460,460]↕1↕chuan33↕↕chuan33↕chuan33↕[0,-20]↕0.8↕460↕⋚
115↕牵引船↕34↕1↕科技船↕[9,9,9,10,10]↕[10,10,11,11,12]↕9↕91↕1↕4480↕172↕1↕[0,0]↕[500,500]↕1↕chuan34↕↕chuan34↕chuan34↕[0,-20]↕0.65↕500↕⋚
116↕起重船↕35↕1↕科技船↕[9,9,9,10,10]↕[10,10,11,11,12]↕9↕92↕1↕4520↕174↕1↕[0,0]↕[480,480]↕1↕chuan35↕↕chuan35↕chuan35↕[0,-20]↕0.8↕480↕⋚
117↕水质检测船↕36↕1↕科技船↕[9,9,9,10,10]↕[10,10,11,11,12]↕9↕93↕1↕4560↕176↕1↕[0,0]↕[500,500]↕1↕chuan36↕↕chuan36↕chuan36↕[0,-20]↕0.66↕500↕⋚
118↕探索船↕37↕1↕科技船↕[9,9,9,10,10]↕[10,10,11,11,12]↕9↕94↕1↕4600↕178↕1↕[0,0]↕[478,478]↕1↕chuan37↕↕chuan37↕chuan37↕[0,-20]↕0.8↕478↕⋚
119↕矿物勘探船↕38↕1↕科技船↕[9,9,9,10,10]↕[10,10,11,11,12]↕9↕95↕1↕4640↕180↕1↕[0,0]↕[500,500]↕1↕chuan38↕↕chuan38↕chuan38↕[0,-20]↕0.7↕500↕⋚
120↕海洋考察船↕39↕1↕科技船↕[9,9,9,10,10]↕[10,10,11,11,12]↕9↕96↕1↕4680↕182↕1↕[0,0]↕[500,500]↕1↕chuan39↕↕chuan39↕chuan39↕[0,-20]↕0.7↕500↕⋚
121↕排水船↕40↕1↕科技船↕[9,9,9,10,10]↕[10,10,11,11,12]↕9↕97↕1↕4720↕184↕1↕[0,0]↕[600,600]↕1↕chuan40↕↕chuan40↕chuan40↕[0,-30]↕0.55↕600↕⋚
122↕探险者↕41↕1↕科技船↕[9,9,9,10,10]↕[10,10,11,11,12]↕9↕98↕1↕4760↕186↕1↕[0,0]↕[600,600]↕1↕chuan41↕↕chuan41↕chuan41↕[0,-20]↕0.6↕600↕⋚
123↕航洋绘测船↕42↕1↕科技船↕[9,9,9,10,10]↕[10,10,11,11,12]↕9↕58↕1↕4800↕110↕1↕[0,0]↕[500,500]↕1↕chuan42↕↕chuan42↕chuan42↕[0,-30]↕0.6↕500↕⋚
124↕卫星通讯船↕43↕1↕科技船↕[9,9,9,10,10]↕[10,10,11,11,12]↕9↕59↕1↕4840↕112↕1↕[0,0]↕[600,600]↕1↕chuan43↕↕chuan43↕chuan43↕[0,-20]↕0.6↕600↕⋚
125↕物流船↕44↕3↕运输船↕[9,9,9,10,10]↕[10,10,11,11,12]↕9↕60↕1↕4880↕114↕1↕[0,0]↕[600,600]↕1↕chuan44↕↕chuan44↕chuan44↕[0,-20]↕0.65↕600↕⋚
126↕运瓜船↕45↕3↕运输船↕[9,9,9,10,10]↕[10,10,11,11,12]↕9↕61↕1↕4920↕115↕1↕[0,0]↕[380,380]↕1↕chuan45↕↕chuan45↕chuan45↕[0,-20]↕0.8↕380↕⋚
127↕商贸船↕46↕3↕运输船↕[9,9,9,10,10]↕[10,10,11,11,12]↕9↕62↕1↕4960↕117↕1↕[0,0]↕[380,380]↕1↕chuan46↕↕chuan46↕chuan46↕[0,-20]↕0.8↕380↕⋚
128↕木板船↕47↕4↕生活船↕[9,9,9,10,10]↕[10,10,11,11,12]↕9↕63↕1↕5000↕119↕1↕[0,0]↕[550,550]↕1↕chuan47↕↕chuan47↕chuan47↕[0,-20]↕0.65↕550↕⋚
129↕线缆运输船↕48↕3↕运输船↕[9,9,9,10,10]↕[10,10,11,11,12]↕9↕64↕1↕5040↕121↕1↕[0,0]↕[600,600]↕1↕chuan48↕↕chuan48↕chuan48↕[0,-20]↕0.65↕600↕⋚
130↕果农船↕49↕3↕运输船↕[9,9,9,10,10]↕[10,10,11,11,12]↕9↕65↕1↕5080↕123↕1↕[0,0]↕[450,450]↕1↕chuan49↕↕chuan49↕chuan49↕[0,-20]↕0.8↕450↕⋚
131↕观光船↕50↕2↕娱乐船↕[9,9,9,10,10]↕[10,10,11,11,12]↕9↕66↕1↕5120↕125↕1↕[0,0]↕[450,450]↕1↕chuan50↕↕chuan50↕chuan50↕[0,-20]↕0.8↕450↕⋚
132↕捕鱼船↕51↕4↕生活船↕[9,9,9,10,10]↕[10,10,11,11,12]↕9↕67↕1↕5160↕127↕1↕[0,0]↕[500,500]↕1↕chuan51↕↕chuan51↕chuan51↕[0,-20]↕0.7↕500↕⋚
133↕海上露营船↕52↕2↕娱乐船↕[9,9,9,10,10]↕[10,10,11,11,12]↕9↕68↕1↕5200↕129↕1↕[0,0]↕[600,600]↕1↕chuan52↕↕chuan52↕chuan52↕[0,-20]↕0.55↕600↕⋚
134↕电力作业船↕53↕4↕生活船↕[9,9,9,10,10]↕[10,10,11,11,12]↕9↕69↕1↕5240↕131↕1↕[0,0]↕[555,555]↕1↕chuan53↕↕chuan53↕chuan53↕[0,-20]↕0.7↕555↕⋚
135↕肥料运输船↕54↕3↕运输船↕[9,9,9,10,10]↕[10,10,11,11,12]↕9↕70↕1↕5280↕133↕1↕[0,0]↕[555,555]↕1↕chuan54↕↕chuan54↕chuan54↕[0,-20]↕0.7↕555↕⋚
136↕补油船↕55↕4↕生活船↕[9,9,9,10,10]↕[10,10,11,11,12]↕9↕71↕1↕5320↕134↕1↕[0,0]↕[555,555]↕1↕chuan55↕↕chuan55↕chuan55↕[0,-20]↕0.7↕555↕⋚
137↕物资调配船↕56↕4↕生活船↕[9,9,9,10,10]↕[10,10,11,11,12]↕9↕72↕1↕5360↕136↕1↕[0,0]↕[555,555]↕1↕chuan56↕↕chuan56↕chuan56↕[0,-20]↕0.7↕555↕⋚
138↕远洋游轮舰↕57↕2↕娱乐船↕[9,9,9,10,10]↕[10,10,11,11,12]↕9↕73↕1↕5400↕138↕1↕[0,0]↕[555,555]↕1↕chuan57↕↕chuan57↕chuan57↕[0,-20]↕0.7↕555↕⋚
139↕小型渡江船↕58↕4↕生活船↕[9,9,9,10,10]↕[10,10,11,11,12]↕9↕74↕1↕5440↕140↕1↕[0,0]↕[480,480]↕1↕chuan58↕↕chuan58↕chuan58↕[0,-20]↕0.65↕480↕⋚
140↕巡河船↕59↕4↕生活船↕[9,9,9,10,10]↕[10,10,11,11,12]↕9↕75↕1↕5480↕142↕1↕[0,0]↕[480,480]↕1↕chuan59↕↕chuan59↕chuan59↕[0,-20]↕0.65↕480↕⋚
141↕救援船↕60↕1↕科技船↕[9,9,9,10,10]↕[10,10,11,11,12]↕9↕76↕1↕5520↕144↕1↕[0,0]↕[480,480]↕1↕chuan60↕↕chuan60↕chuan60↕[0,-20]↕0.65↕480↕⋚
142↕信号增强船↕61↕1↕科技船↕[9,9,9,10,10]↕[10,10,11,11,12]↕9↕77↕1↕5560↕146↕1↕[0,0]↕[480,480]↕1↕chuan61↕↕chuan61↕chuan61↕[0,-20]↕0.8↕480↕⋚
143↕海面观光船↕62↕2↕娱乐船↕[9,9,9,10,10]↕[10,10,11,11,12]↕9↕78↕1↕5600↕148↕1↕[0,0]↕[444,444]↕1↕chuan62↕↕chuan62↕chuan62↕[0,-20]↕0.8↕444↕⋚
144↕除藻船↕63↕4↕生活船↕[9,9,9,10,10]↕[10,10,11,11,12]↕9↕79↕1↕5640↕150↕1↕[0,0]↕[366,366]↕1↕chuan63↕↕chuan63↕chuan63↕[0,-20]↕0.8↕366↕⋚
145↕巡洋舰↕64↕1↕科技船↕[9,9,9,10,10]↕[10,10,11,11,12]↕9↕80↕1↕5680↕152↕1↕[0,0]↕[555,555]↕1↕chuan64↕↕chuan64↕chuan64↕[0,-30]↕0.7↕555↕⋚
146↕炼油船↕65↕1↕科技船↕[9,9,9,10,10]↕[10,10,11,11,12]↕9↕81↕1↕5720↕153↕1↕[0,0]↕[477,477]↕1↕chuan65↕↕chuan65↕chuan65↕[0,-30]↕0.7↕477↕⋚
147↕小型游艇↕66↕2↕娱乐船↕[9,9,9,10,10]↕[10,10,11,11,12]↕9↕82↕1↕5760↕155↕1↕[0,0]↕[555,555]↕1↕chuan66↕↕chuan66↕chuan66↕[0,-30]↕0.6↕555↕⋚
148↕娱乐船↕67↕2↕娱乐船↕[9,9,9,10,10]↕[10,10,11,11,12]↕9↕83↕1↕5800↕157↕1↕[0,0]↕[480,480]↕1↕chuan67↕↕chuan67↕chuan67↕[0,-20]↕0.8↕480↕⋚
149↕紧急避难船↕68↕4↕生活船↕[9,9,9,10,10]↕[10,10,11,11,12]↕9↕84↕1↕5840↕159↕1↕[0,0]↕[450,450]↕1↕chuan68↕↕chuan68↕chuan68↕[0,-20]↕0.8↕450↕⋚
150↕远程游艇↕69↕2↕娱乐船↕[9,9,9,10,10]↕[10,10,11,11,12]↕9↕85↕1↕5880↕161↕1↕[0,0]↕[500,500]↕1↕chuan69↕↕chuan69↕chuan69↕[0,-20]↕0.7↕500↕⋚
151↕划桨观光船↕70↕2↕娱乐船↕[9,9,9,10,10]↕[10,10,11,11,12]↕9↕86↕1↕5920↕163↕1↕[0,0]↕[333,333]↕1↕chuan70Move↕↕chuan70Idle↕chuan70Move↕[0,0]↕0.9↕333↕⋚
152↕双人游艇↕71↕2↕娱乐船↕[9,9,9,10,10]↕[10,10,11,11,12]↕9↕87↕1↕5960↕165↕1↕[0,0]↕[333,333]↕1↕chuan71Move↕↕chuan71Idle↕chuan71Move↕[0,0]↕0.9↕333↕⋚
153↕风帆↕72↕2↕娱乐船↕[9,9,9,10,10]↕[10,10,11,11,12]↕9↕88↕1↕6000↕167↕1↕[0,0]↕[333,333]↕1↕chuan72Move↕↕chuan72Idle↕chuan72Move↕[-20,20]↕0.8↕333↕⋚
154↕冲浪帆↕73↕2↕娱乐船↕[9,9,9,10,10]↕[10,10,11,11,12]↕9↕89↕1↕6040↕169↕1↕[0,0]↕[333,333]↕1↕chuan73Move↕↕chuan73Idle↕chuan73Move↕[-20,20]↕0.8↕333↕⋚
155↕景区咖啡船↕74↕2↕娱乐船↕[9,9,9,10,10]↕[10,10,11,11,12]↕9↕90↕1↕6080↕171↕1↕[0,0]↕[333,333]↕1↕chuan74Move↕↕chuan74Idle↕chuan74Move↕[0,20]↕0.6↕333↕⋚
156↕单人皮划船↕75↕2↕娱乐船↕[9,9,9,10,10]↕[10,10,11,11,12]↕9↕91↕1↕6120↕172↕1↕[0,0]↕[333,333]↕1↕chuan75Move↕↕chuan75Idle↕chuan75Move↕[-20,-30]↕0.75↕333↕⋚
157↕双人脚踏船↕76↕2↕娱乐船↕[9,9,9,10,10]↕[10,10,11,11,12]↕9↕92↕1↕6160↕174↕1↕[0,0]↕[333,333]↕1↕chuan76Move↕↕chuan76Idle↕chuan76Move↕[-20,0]↕0.8↕333↕⋚
158↕景区观光船↕77↕2↕娱乐船↕[9,9,9,10,10]↕[10,10,11,11,12]↕9↕93↕1↕6200↕176↕1↕[0,0]↕[333,333]↕1↕chuan77Move↕↕chuan77Idle↕chuan77Move↕[-20,0]↕0.8↕333↕⋚
159↕卡车船↕78↕2↕娱乐船↕[9,9,9,10,10]↕[10,10,11,11,12]↕9↕94↕1↕6240↕178↕1↕[0,0]↕[360,360]↕1↕chuan78Move↕↕chuan78Idle↕chuan78Move↕[-10,-30]↕0.8↕360↕⋚
160↕家庭游轮↕79↕2↕娱乐船↕[9,9,9,10,10]↕[10,10,11,11,12]↕9↕95↕1↕6280↕180↕1↕[0,0]↕[400,400]↕1↕chuan79Move↕↕chuan79Idle↕chuan79Move↕[0,-30]↕0.8↕400↕⋚
161↕母子皮伐圈↕80↕2↕娱乐船↕[9,9,9,10,10]↕[10,10,11,11,12]↕9↕96↕1↕6320↕182↕1↕[0,0]↕[333,333]↕1↕chuan80↕↕chuan80↕chuan80↕[0,-10]↕0.8↕333↕⋚
162↕信号接收船↕81↕1↕科技船↕[9,9,9,10,10]↕[10,10,11,11,12]↕9↕97↕1↕6360↕184↕1↕[0,0]↕[400,400]↕1↕chuan81Move↕↕chuan81Idle↕chuan81Move↕[-10,20]↕0.8↕400↕⋚
163↕捕鱼船↕1↕4↕生活船↕[9,9,9,10,10]↕[10,10,11,11,12]↕9↕98↕1↕6400↕186↕1↕[0,0]↕[300,300]↕1↕chuan1↕↕chuan1↕chuan1↕[0,-20]↕1.1↕300↕⋚
164↕货轮↕2↕3↕运输船↕[9,9,9,10,10]↕[10,10,11,11,12]↕9↕58↕1↕6440↕110↕1↕[0,0]↕[370,370]↕1↕chuan2↕↕chuan2↕chuan2↕[20,0]↕1.1↕370↕⋚
165↕小皮筏↕27↕2↕娱乐船↕[9,9,9,10,10]↕[10,10,11,11,12]↕9↕59↕1↕6480↕112↕1↕[0,0]↕[350,350]↕1↕chuan27↕↕chuan27↕chuan27↕[-20,-30]↕0.48↕350↕⋚
166↕小竹排↕4↕4↕生活船↕[9,9,9,10,10]↕[10,10,11,11,12]↕9↕60↕1↕6520↕114↕1↕[0,0]↕[460,460]↕1↕chuan4Move↕↕chuan4Idle↕chuan4Move↕[0,0]↕0.385↕460↕⋚
167↕货运船↕5↕3↕运输船↕[9,9,9,10,10]↕[10,10,11,11,12]↕9↕61↕1↕6560↕115↕1↕[0,0]↕[540,540]↕1↕chuan5↕↕chuan5↕chuan5↕[0,-20]↕0.77↕540↕⋚
168↕鲁滨逊漂流↕6↕4↕生活船↕[9,9,9,10,10]↕[10,10,11,11,12]↕9↕62↕1↕6600↕117↕1↕[0,0]↕[234,234]↕1↕chuan6Move↕↕chuan6Idle↕chuan6Move↕[20,-10]↕0.77↕234↕⋚
169↕木船↕7↕4↕生活船↕[9,9,9,10,10]↕[10,10,11,11,12]↕9↕63↕1↕6640↕119↕1↕[0,0]↕[300,300]↕1↕chuan7↕↕chuan7↕chuan7↕[0,0]↕1.1↕300↕⋚
170↕潜水艇↕8↕1↕科技船↕[9,9,9,10,10]↕[10,10,11,11,12]↕9↕64↕1↕6680↕121↕1↕[0,0]↕[354,354]↕1↕chuan8Move↕chuan8qiehuan↕chuan8Ilde↕chuan8Ilde↕[-10,-10]↕1.1↕354↕⋚
171↕载佛船↕9↕3↕运输船↕[9,9,9,10,10]↕[10,10,11,11,12]↕9↕65↕1↕6720↕123↕1↕[0,0]↕[270,270]↕0↕ship9↕↕ship9↕ship9↕[0,-20]↕0.935↕270↕⋚
172↕礼物船↕10↕3↕运输船↕[9,9,9,10,10]↕[10,10,11,11,12]↕9↕66↕1↕6760↕125↕1↕[0,0]↕[335,335]↕0↕ship10↕↕ship10↕ship10↕[20,0]↕1.1↕335↕⋚
173↕挖机水上漂↕11↕1↕科技船↕[9,9,9,10,10]↕[10,10,11,11,12]↕9↕67↕1↕6800↕127↕1↕[0,0]↕[360,360]↕0↕ship11↕↕shipIdle11↕ship11↕[-20,-60]↕0.77↕360↕⋚
174↕路飞钓鱼↕12↕4↕生活船↕[9,9,9,10,10]↕[10,10,11,11,12]↕9↕68↕1↕6840↕129↕1↕[0,0]↕[225,225]↕1↕chuan12↕↕chuan12↕chuan12↕[10,0]↕0.77↕225↕⋚
175↕运车船↕13↕3↕运输船↕[9,9,9,10,10]↕[10,10,11,11,12]↕9↕69↕1↕6880↕131↕1↕[0,0]↕[500,500]↕1↕chuan13↕↕chuan13↕chuan13↕[0,0]↕0.9↕500↕⋚
176↕游轮↕14↕2↕娱乐船↕[9,9,9,10,10]↕[10,10,11,11,12]↕9↕70↕1↕6920↕133↕1↕[0,0]↕[340,340]↕1↕chuan14↕↕chuan14↕chuan14↕[20,-10]↕1.2↕340↕⋚
177↕破冰船↕15↕1↕科技船↕[9,9,9,10,10]↕[10,10,11,11,12]↕9↕71↕1↕6960↕134↕1↕[0,0]↕[500,500]↕1↕chuan15↕↕chuan15↕chuan15↕[0,-30]↕0.72↕500↕⋚
178↕豪华游轮↕16↕2↕娱乐船↕[9,9,9,10,10]↕[10,10,11,11,12]↕9↕72↕1↕7000↕136↕1↕[0,0]↕[500,500]↕1↕chuan16↕↕chuan16↕chuan16↕[0,-30]↕0.9↕500↕⋚
179↕帆船↕17↕2↕娱乐船↕[9,9,9,10,10]↕[10,10,11,11,12]↕9↕73↕1↕7040↕138↕1↕[0,0]↕[460,460]↕1↕chuan17↕↕chuan17↕chuan17↕[0,0]↕0.54↕460↕⋚
180↕运菜船↕18↕2↕娱乐船↕[9,9,9,10,10]↕[10,10,11,11,12]↕9↕74↕1↕7080↕140↕1↕[0,0]↕[500,500]↕1↕chuan18↕↕chuan18↕chuan18↕[0,-20]↕0.72↕500↕⋚
181↕香蕉船↕19↕3↕运输船↕[9,9,9,10,10]↕[10,10,11,11,12]↕9↕75↕1↕7120↕142↕1↕[0,0]↕[400,400]↕1↕chuan19↕↕chuan19↕chuan19↕[0,-20]↕0.72↕400↕⋚
182↕榴莲船↕20↕3↕运输船↕[9,9,9,10,10]↕[10,10,11,11,12]↕9↕76↕1↕7160↕144↕1↕[0,0]↕[420,420]↕1↕chuan20↕↕chuan20↕chuan20↕[0,-20]↕0.96↕420↕⋚
183↕小游艇↕21↕2↕娱乐船↕[9,9,9,10,10]↕[10,10,11,11,12]↕9↕77↕1↕7200↕146↕1↕[0,0]↕[460,460]↕1↕chuan21↕↕chuan21↕chuan21↕[0,-20]↕0.9↕460↕⋚
184↕轰趴船↕22↕2↕娱乐船↕[9,9,9,10,10]↕[10,10,11,11,12]↕9↕78↕1↕7240↕148↕1↕[0,0]↕[460,460]↕1↕chuan22↕↕chuan22↕chuan22↕[0,-30]↕0.84↕460↕⋚
185↕运木船↕23↕3↕运输船↕[9,9,9,10,10]↕[10,10,11,11,12]↕9↕79↕1↕7280↕150↕1↕[0,0]↕[420,420]↕1↕chuan23↕↕chuan23↕chuan23↕[0,-30]↕1.02↕420↕⋚
186↕勘探船↕24↕1↕科技船↕[9,9,9,10,10]↕[10,10,11,11,12]↕9↕80↕1↕7320↕152↕1↕[0,0]↕[430,430]↕1↕chuan24↕↕chuan24↕chuan24↕[-40,40]↕0.66↕430↕⋚
187↕打捞船↕25↕1↕科技船↕[9,9,9,10,10]↕[10,10,11,11,12]↕9↕81↕1↕7360↕153↕1↕[0,0]↕[500,500]↕1↕chuan25↕↕chuan25↕chuan25↕[0,40]↕0.84↕500↕⋚
188↕急救船↕26↕1↕科技船↕[9,9,9,10,10]↕[10,10,11,11,12]↕9↕82↕1↕7400↕155↕1↕[0,0]↕[430,430]↕1↕chuan26↕↕chuan26↕chuan26↕[0,-30]↕0.9↕430↕⋚
189↕皮筏艇↕27↕4↕生活船↕[9,9,9,10,10]↕[10,10,11,11,12]↕9↕83↕1↕7440↕157↕1↕[0,0]↕[350,350]↕1↕chuan27↕↕chuan27↕chuan27↕[-20,-30]↕0.48↕350↕⋚
190↕双人快艇↕28↕2↕娱乐船↕[9,9,9,10,10]↕[10,10,11,11,12]↕9↕84↕1↕7480↕159↕1↕[0,0]↕[440,440]↕1↕chuan28↕↕chuan28↕chuan28↕[-20,-30]↕0.78↕440↕⋚
191↕桥墩船↕29↕3↕运输船↕[9,9,9,10,10]↕[10,10,11,11,12]↕9↕85↕1↕7520↕161↕1↕[0,0]↕[500,500]↕1↕chuan29↕↕chuan29↕chuan29↕[0,0]↕0.9↕500↕⋚
192↕航空母舰↕30↕1↕科技船↕[9,9,9,10,10]↕[10,10,11,11,12]↕9↕86↕1↕7560↕163↕1↕[0,0]↕[550,550]↕1↕chuan30↕↕chuan30↕chuan30↕[10,-10]↕0.87↕550↕⋚
193↕油轮↕31↕2↕娱乐船↕[9,9,9,10,10]↕[10,10,11,11,12]↕9↕87↕1↕7600↕165↕1↕[0,0]↕[450,450]↕1↕chuan31↕↕chuan31↕chuan31↕[0,0]↕0.8↕450↕⋚
194↕货轮↕32↕2↕娱乐船↕[9,9,9,10,10]↕[10,10,11,11,12]↕9↕88↕1↕7640↕167↕1↕[0,0]↕[460,460]↕1↕chuan32↕↕chuan32↕chuan32↕[0,0]↕0.8↕460↕⋚
195↕造浪船↕33↕1↕科技船↕[9,9,9,10,10]↕[10,10,11,11,12]↕9↕89↕1↕7680↕169↕1↕[0,0]↕[460,460]↕1↕chuan33↕↕chuan33↕chuan33↕[0,-20]↕0.8↕460↕⋚
196↕牵引船↕34↕1↕科技船↕[9,9,9,10,10]↕[10,10,11,11,12]↕9↕90↕1↕7720↕171↕1↕[0,0]↕[500,500]↕1↕chuan34↕↕chuan34↕chuan34↕[0,-20]↕0.65↕500↕⋚
197↕起重船↕35↕1↕科技船↕[9,9,9,10,10]↕[10,10,11,11,12]↕9↕91↕1↕7760↕172↕1↕[0,0]↕[480,480]↕1↕chuan35↕↕chuan35↕chuan35↕[0,-20]↕0.8↕480↕⋚
198↕水质检测船↕36↕1↕科技船↕[9,9,9,10,10]↕[10,10,11,11,12]↕9↕92↕1↕7800↕174↕1↕[0,0]↕[500,500]↕1↕chuan36↕↕chuan36↕chuan36↕[0,-20]↕0.66↕500↕⋚
199↕探索船↕37↕1↕科技船↕[9,9,9,10,10]↕[10,10,11,11,12]↕9↕93↕1↕7840↕176↕1↕[0,0]↕[478,478]↕1↕chuan37↕↕chuan37↕chuan37↕[0,-20]↕0.8↕478↕⋚
200↕矿物勘探船↕38↕1↕科技船↕[9,9,9,10,10]↕[10,10,11,11,12]↕9↕94↕1↕7880↕178↕1↕[0,0]↕[500,500]↕1↕chuan38↕↕chuan38↕chuan38↕[0,-20]↕0.7↕500↕⋚
201↕海洋考察船↕39↕1↕科技船↕[9,9,9,10,10]↕[10,10,11,11,12]↕9↕95↕1↕7920↕180↕1↕[0,0]↕[500,500]↕1↕chuan39↕↕chuan39↕chuan39↕[0,-20]↕0.7↕500↕⋚
202↕排水船↕40↕1↕科技船↕[9,9,9,10,10]↕[10,10,11,11,12]↕9↕96↕1↕7960↕182↕1↕[0,0]↕[600,600]↕1↕chuan40↕↕chuan40↕chuan40↕[0,-30]↕0.55↕600↕⋚
203↕探险者↕41↕1↕科技船↕[9,9,9,10,10]↕[10,10,11,11,12]↕9↕97↕1↕8000↕184↕1↕[0,0]↕[600,600]↕1↕chuan41↕↕chuan41↕chuan41↕[0,-20]↕0.6↕600↕⋚
204↕航洋绘测船↕42↕1↕科技船↕[9,9,9,10,10]↕[10,10,11,11,12]↕9↕98↕1↕8040↕186↕1↕[0,0]↕[500,500]↕1↕chuan42↕↕chuan42↕chuan42↕[0,-30]↕0.6↕500↕⋚
205↕卫星通讯船↕43↕1↕科技船↕[9,9,9,10,10]↕[10,10,11,11,12]↕9↕58↕1↕8080↕110↕1↕[0,0]↕[600,600]↕1↕chuan43↕↕chuan43↕chuan43↕[0,-20]↕0.6↕600↕⋚
206↕物流船↕44↕3↕运输船↕[9,9,9,10,10]↕[10,10,11,11,12]↕9↕59↕1↕8120↕112↕1↕[0,0]↕[600,600]↕1↕chuan44↕↕chuan44↕chuan44↕[0,-20]↕0.65↕600↕⋚
207↕运瓜船↕45↕3↕运输船↕[9,9,9,10,10]↕[10,10,11,11,12]↕9↕60↕1↕8160↕114↕1↕[0,0]↕[380,380]↕1↕chuan45↕↕chuan45↕chuan45↕[0,-20]↕0.8↕380↕⋚
208↕商贸船↕46↕3↕运输船↕[9,9,9,10,10]↕[10,10,11,11,12]↕9↕61↕1↕8200↕115↕1↕[0,0]↕[380,380]↕1↕chuan46↕↕chuan46↕chuan46↕[0,-20]↕0.8↕380↕⋚
209↕木板船↕47↕4↕生活船↕[9,9,9,10,10]↕[10,10,11,11,12]↕9↕62↕1↕8240↕117↕1↕[0,0]↕[550,550]↕1↕chuan47↕↕chuan47↕chuan47↕[0,-20]↕0.65↕550↕⋚
210↕线缆运输船↕48↕3↕运输船↕[9,9,9,10,10]↕[10,10,11,11,12]↕9↕63↕1↕8280↕119↕1↕[0,0]↕[600,600]↕1↕chuan48↕↕chuan48↕chuan48↕[0,-20]↕0.65↕600↕⋚
211↕果农船↕49↕3↕运输船↕[9,9,9,10,10]↕[10,10,11,11,12]↕9↕64↕1↕8320↕121↕1↕[0,0]↕[450,450]↕1↕chuan49↕↕chuan49↕chuan49↕[0,-20]↕0.8↕450↕⋚
212↕观光船↕50↕2↕娱乐船↕[9,9,9,10,10]↕[10,10,11,11,12]↕9↕65↕1↕8360↕123↕1↕[0,0]↕[450,450]↕1↕chuan50↕↕chuan50↕chuan50↕[0,-20]↕0.8↕450↕⋚
213↕捕鱼船↕51↕4↕生活船↕[9,9,9,10,10]↕[10,10,11,11,12]↕9↕66↕1↕8400↕125↕1↕[0,0]↕[500,500]↕1↕chuan51↕↕chuan51↕chuan51↕[0,-20]↕0.7↕500↕⋚
214↕海上露营船↕52↕2↕娱乐船↕[9,9,9,10,10]↕[10,10,11,11,12]↕9↕67↕1↕8440↕127↕1↕[0,0]↕[600,600]↕1↕chuan52↕↕chuan52↕chuan52↕[0,-20]↕0.55↕600↕⋚
215↕电力作业船↕53↕4↕生活船↕[9,9,9,10,10]↕[10,10,11,11,12]↕9↕68↕1↕8480↕129↕1↕[0,0]↕[555,555]↕1↕chuan53↕↕chuan53↕chuan53↕[0,-20]↕0.7↕555↕⋚
216↕肥料运输船↕54↕3↕运输船↕[9,9,9,10,10]↕[10,10,11,11,12]↕9↕69↕1↕8520↕131↕1↕[0,0]↕[555,555]↕1↕chuan54↕↕chuan54↕chuan54↕[0,-20]↕0.7↕555↕⋚
217↕补油船↕55↕4↕生活船↕[9,9,9,10,10]↕[10,10,11,11,12]↕9↕70↕1↕8560↕133↕1↕[0,0]↕[555,555]↕1↕chuan55↕↕chuan55↕chuan55↕[0,-20]↕0.7↕555↕⋚
218↕物资调配船↕56↕4↕生活船↕[9,9,9,10,10]↕[10,10,11,11,12]↕9↕71↕1↕8600↕134↕1↕[0,0]↕[555,555]↕1↕chuan56↕↕chuan56↕chuan56↕[0,-20]↕0.7↕555↕⋚
219↕远洋游轮舰↕57↕2↕娱乐船↕[9,9,9,10,10]↕[10,10,11,11,12]↕9↕72↕1↕8640↕136↕1↕[0,0]↕[555,555]↕1↕chuan57↕↕chuan57↕chuan57↕[0,-20]↕0.7↕555↕⋚
220↕小型渡江船↕58↕4↕生活船↕[9,9,9,10,10]↕[10,10,11,11,12]↕9↕73↕1↕8680↕138↕1↕[0,0]↕[480,480]↕1↕chuan58↕↕chuan58↕chuan58↕[0,-20]↕0.65↕480↕⋚
221↕巡河船↕59↕4↕生活船↕[9,9,9,10,10]↕[10,10,11,11,12]↕9↕74↕1↕8720↕140↕1↕[0,0]↕[480,480]↕1↕chuan59↕↕chuan59↕chuan59↕[0,-20]↕0.65↕480↕⋚
222↕救援船↕60↕1↕科技船↕[9,9,9,10,10]↕[10,10,11,11,12]↕9↕75↕1↕8760↕142↕1↕[0,0]↕[480,480]↕1↕chuan60↕↕chuan60↕chuan60↕[0,-20]↕0.65↕480↕⋚
223↕信号增强船↕61↕1↕科技船↕[9,9,9,10,10]↕[10,10,11,11,12]↕9↕76↕1↕8800↕144↕1↕[0,0]↕[480,480]↕1↕chuan61↕↕chuan61↕chuan61↕[0,-20]↕0.8↕480↕⋚
224↕海面观光船↕62↕2↕娱乐船↕[9,9,9,10,10]↕[10,10,11,11,12]↕9↕77↕1↕8840↕146↕1↕[0,0]↕[444,444]↕1↕chuan62↕↕chuan62↕chuan62↕[0,-20]↕0.8↕444↕⋚
225↕除藻船↕63↕4↕生活船↕[9,9,9,10,10]↕[10,10,11,11,12]↕9↕78↕1↕8880↕148↕1↕[0,0]↕[366,366]↕1↕chuan63↕↕chuan63↕chuan63↕[0,-20]↕0.8↕366↕⋚
226↕巡洋舰↕64↕1↕科技船↕[9,9,9,10,10]↕[10,10,11,11,12]↕9↕79↕1↕8920↕150↕1↕[0,0]↕[555,555]↕1↕chuan64↕↕chuan64↕chuan64↕[0,-30]↕0.7↕555↕⋚
227↕炼油船↕65↕1↕科技船↕[9,9,9,10,10]↕[10,10,11,11,12]↕9↕80↕1↕8960↕152↕1↕[0,0]↕[477,477]↕1↕chuan65↕↕chuan65↕chuan65↕[0,-30]↕0.7↕477↕⋚
228↕小型游艇↕66↕2↕娱乐船↕[9,9,9,10,10]↕[10,10,11,11,12]↕9↕81↕1↕9000↕153↕1↕[0,0]↕[555,555]↕1↕chuan66↕↕chuan66↕chuan66↕[0,-30]↕0.6↕555↕⋚
229↕娱乐船↕67↕2↕娱乐船↕[9,9,9,10,10]↕[10,10,11,11,12]↕9↕82↕1↕9040↕155↕1↕[0,0]↕[480,480]↕1↕chuan67↕↕chuan67↕chuan67↕[0,-20]↕0.8↕480↕⋚
230↕紧急避难船↕68↕4↕生活船↕[9,9,9,10,10]↕[10,10,11,11,12]↕9↕83↕1↕9080↕157↕1↕[0,0]↕[450,450]↕1↕chuan68↕↕chuan68↕chuan68↕[0,-20]↕0.8↕450↕⋚
231↕远程游艇↕69↕2↕娱乐船↕[9,9,9,10,10]↕[10,10,11,11,12]↕9↕84↕1↕9120↕159↕1↕[0,0]↕[500,500]↕1↕chuan69↕↕chuan69↕chuan69↕[0,-20]↕0.7↕500↕⋚
232↕划桨观光船↕70↕2↕娱乐船↕[9,9,9,10,10]↕[10,10,11,11,12]↕9↕85↕1↕9160↕161↕1↕[0,0]↕[333,333]↕1↕chuan70Move↕↕chuan70Idle↕chuan70Move↕[0,0]↕0.9↕333↕⋚
233↕双人游艇↕71↕2↕娱乐船↕[9,9,9,10,10]↕[10,10,11,11,12]↕9↕86↕1↕9200↕163↕1↕[0,0]↕[333,333]↕1↕chuan71Move↕↕chuan71Idle↕chuan71Move↕[0,0]↕0.9↕333↕⋚
234↕风帆↕72↕2↕娱乐船↕[9,9,9,10,10]↕[10,10,11,11,12]↕9↕87↕1↕9240↕165↕1↕[0,0]↕[333,333]↕1↕chuan72Move↕↕chuan72Idle↕chuan72Move↕[-20,20]↕0.8↕333↕⋚
235↕冲浪帆↕73↕2↕娱乐船↕[9,9,9,10,10]↕[10,10,11,11,12]↕9↕88↕1↕9280↕167↕1↕[0,0]↕[333,333]↕1↕chuan73Move↕↕chuan73Idle↕chuan73Move↕[-20,20]↕0.8↕333↕⋚
236↕景区咖啡船↕74↕2↕娱乐船↕[9,9,9,10,10]↕[10,10,11,11,12]↕9↕89↕1↕9320↕169↕1↕[0,0]↕[333,333]↕1↕chuan74Move↕↕chuan74Idle↕chuan74Move↕[0,20]↕0.6↕333↕⋚
237↕单人皮划船↕75↕2↕娱乐船↕[9,9,9,10,10]↕[10,10,11,11,12]↕9↕90↕1↕9360↕171↕1↕[0,0]↕[333,333]↕1↕chuan75Move↕↕chuan75Idle↕chuan75Move↕[-20,-30]↕0.75↕333↕⋚
238↕双人脚踏船↕76↕2↕娱乐船↕[9,9,9,10,10]↕[10,10,11,11,12]↕9↕91↕1↕9400↕172↕1↕[0,0]↕[333,333]↕1↕chuan76Move↕↕chuan76Idle↕chuan76Move↕[-20,0]↕0.8↕333↕⋚
239↕景区观光船↕77↕2↕娱乐船↕[9,9,9,10,10]↕[10,10,11,11,12]↕9↕92↕1↕9440↕174↕1↕[0,0]↕[333,333]↕1↕chuan77Move↕↕chuan77Idle↕chuan77Move↕[-20,0]↕0.8↕333↕⋚
240↕卡车船↕78↕2↕娱乐船↕[9,9,9,10,10]↕[10,10,11,11,12]↕9↕93↕1↕9480↕176↕1↕[0,0]↕[360,360]↕1↕chuan78Move↕↕chuan78Idle↕chuan78Move↕[-10,-30]↕0.8↕360↕⋚
241↕家庭游轮↕79↕2↕娱乐船↕[9,9,9,10,10]↕[10,10,11,11,12]↕9↕94↕1↕9520↕178↕1↕[0,0]↕[400,400]↕1↕chuan79Move↕↕chuan79Idle↕chuan79Move↕[0,-30]↕0.8↕400↕⋚
242↕母子皮伐圈↕80↕2↕娱乐船↕[9,9,9,10,10]↕[10,10,11,11,12]↕9↕95↕1↕9560↕180↕1↕[0,0]↕[333,333]↕1↕chuan80↕↕chuan80↕chuan80↕[0,-10]↕0.8↕333↕⋚
243↕信号接收船↕81↕1↕科技船↕[9,9,9,10,10]↕[10,10,11,11,12]↕9↕96↕1↕9600↕182↕1↕[0,0]↕[400,400]↕1↕chuan81Move↕↕chuan81Idle↕chuan81Move↕[-10,20]↕0.8↕400↕⋚
244↕捕鱼船↕1↕4↕生活船↕[9,9,9,10,10]↕[10,10,11,11,12]↕9↕97↕1↕9640↕184↕1↕[0,0]↕[300,300]↕1↕chuan1↕↕chuan1↕chuan1↕[0,-20]↕1.1↕300↕⋚
245↕货轮↕2↕3↕运输船↕[9,9,9,10,10]↕[10,10,11,11,12]↕9↕98↕1↕9680↕186↕1↕[0,0]↕[370,370]↕1↕chuan2↕↕chuan2↕chuan2↕[20,0]↕1.1↕370↕⋚
246↕小皮筏↕27↕2↕娱乐船↕[9,9,9,10,10]↕[10,10,11,11,12]↕9↕58↕1↕9720↕110↕1↕[0,0]↕[350,350]↕1↕chuan27↕↕chuan27↕chuan27↕[-20,-30]↕0.48↕350↕⋚
247↕小竹排↕4↕4↕生活船↕[9,9,9,10,10]↕[10,10,11,11,12]↕9↕59↕1↕9760↕112↕1↕[0,0]↕[460,460]↕1↕chuan4Move↕↕chuan4Idle↕chuan4Move↕[0,0]↕0.385↕460↕⋚
248↕货运船↕5↕3↕运输船↕[9,9,9,10,10]↕[10,10,11,11,12]↕9↕60↕1↕9800↕114↕1↕[0,0]↕[540,540]↕1↕chuan5↕↕chuan5↕chuan5↕[0,-20]↕0.77↕540↕⋚
249↕鲁滨逊漂流↕6↕4↕生活船↕[9,9,9,10,10]↕[10,10,11,11,12]↕9↕61↕1↕9840↕115↕1↕[0,0]↕[234,234]↕1↕chuan6Move↕↕chuan6Idle↕chuan6Move↕[20,-10]↕0.77↕234↕⋚
250↕木船↕7↕4↕生活船↕[9,9,9,10,10]↕[10,10,11,11,12]↕9↕62↕1↕9880↕117↕1↕[0,0]↕[300,300]↕1↕chuan7↕↕chuan7↕chuan7↕[0,0]↕1.1↕300↕⋚
251↕潜水艇↕8↕1↕科技船↕[9,9,9,10,10]↕[10,10,11,11,12]↕9↕63↕1↕9920↕119↕1↕[0,0]↕[354,354]↕1↕chuan8Move↕chuan8qiehuan↕chuan8Ilde↕chuan8Ilde↕[-10,-10]↕1.1↕354↕⋚
252↕载佛船↕9↕3↕运输船↕[9,9,9,10,10]↕[10,10,11,11,12]↕9↕64↕1↕9960↕121↕1↕[0,0]↕[270,270]↕0↕ship9↕↕ship9↕ship9↕[0,-20]↕0.935↕270↕⋚
253↕礼物船↕10↕3↕运输船↕[9,9,9,10,10]↕[10,10,11,11,12]↕9↕65↕1↕10000↕123↕1↕[0,0]↕[335,335]↕0↕ship10↕↕ship10↕ship10↕[20,0]↕1.1↕335↕⋚
254↕挖机水上漂↕11↕1↕科技船↕[9,9,9,10,10]↕[10,10,11,11,12]↕9↕66↕1↕10040↕125↕1↕[0,0]↕[360,360]↕0↕ship11↕↕shipIdle11↕ship11↕[-20,-60]↕0.77↕360↕⋚
255↕路飞钓鱼↕12↕4↕生活船↕[9,9,9,10,10]↕[10,10,11,11,12]↕9↕67↕1↕10080↕127↕1↕[0,0]↕[225,225]↕1↕chuan12↕↕chuan12↕chuan12↕[10,0]↕0.77↕225↕⋚
256↕运车船↕13↕3↕运输船↕[9,9,9,10,10]↕[10,10,11,11,12]↕9↕68↕1↕10120↕129↕1↕[0,0]↕[500,500]↕1↕chuan13↕↕chuan13↕chuan13↕[0,0]↕0.9↕500↕⋚
257↕游轮↕14↕2↕娱乐船↕[9,9,9,10,10]↕[10,10,11,11,12]↕9↕69↕1↕10160↕131↕1↕[0,0]↕[340,340]↕1↕chuan14↕↕chuan14↕chuan14↕[20,-10]↕1.2↕340↕⋚
258↕破冰船↕15↕1↕科技船↕[9,9,9,10,10]↕[10,10,11,11,12]↕9↕70↕1↕10200↕133↕1↕[0,0]↕[500,500]↕1↕chuan15↕↕chuan15↕chuan15↕[0,-30]↕0.72↕500↕⋚
259↕豪华游轮↕16↕2↕娱乐船↕[9,9,9,10,10]↕[10,10,11,11,12]↕9↕71↕1↕10240↕134↕1↕[0,0]↕[500,500]↕1↕chuan16↕↕chuan16↕chuan16↕[0,-30]↕0.9↕500↕⋚
260↕帆船↕17↕2↕娱乐船↕[9,9,9,10,10]↕[10,10,11,11,12]↕9↕72↕1↕10280↕136↕1↕[0,0]↕[460,460]↕1↕chuan17↕↕chuan17↕chuan17↕[0,0]↕0.54↕460↕⋚
261↕运菜船↕18↕2↕娱乐船↕[9,9,9,10,10]↕[10,10,11,11,12]↕9↕73↕1↕10320↕138↕1↕[0,0]↕[500,500]↕1↕chuan18↕↕chuan18↕chuan18↕[0,-20]↕0.72↕500↕⋚
262↕香蕉船↕19↕3↕运输船↕[9,9,9,10,10]↕[10,10,11,11,12]↕9↕74↕1↕10360↕140↕1↕[0,0]↕[400,400]↕1↕chuan19↕↕chuan19↕chuan19↕[0,-20]↕0.72↕400↕⋚
263↕榴莲船↕20↕3↕运输船↕[9,9,9,10,10]↕[10,10,11,11,12]↕9↕75↕1↕10400↕142↕1↕[0,0]↕[420,420]↕1↕chuan20↕↕chuan20↕chuan20↕[0,-20]↕0.96↕420↕⋚
264↕小游艇↕21↕2↕娱乐船↕[9,9,9,10,10]↕[10,10,11,11,12]↕9↕76↕1↕10440↕144↕1↕[0,0]↕[460,460]↕1↕chuan21↕↕chuan21↕chuan21↕[0,-20]↕0.9↕460↕⋚
265↕轰趴船↕22↕2↕娱乐船↕[9,9,9,10,10]↕[10,10,11,11,12]↕9↕77↕1↕10480↕146↕1↕[0,0]↕[460,460]↕1↕chuan22↕↕chuan22↕chuan22↕[0,-30]↕0.84↕460↕⋚
266↕运木船↕23↕3↕运输船↕[9,9,9,10,10]↕[10,10,11,11,12]↕9↕78↕1↕10520↕148↕1↕[0,0]↕[420,420]↕1↕chuan23↕↕chuan23↕chuan23↕[0,-30]↕1.02↕420↕⋚
267↕勘探船↕24↕1↕科技船↕[9,9,9,10,10]↕[10,10,11,11,12]↕9↕79↕1↕10560↕150↕1↕[0,0]↕[430,430]↕1↕chuan24↕↕chuan24↕chuan24↕[-40,40]↕0.66↕430↕⋚
268↕打捞船↕25↕1↕科技船↕[9,9,9,10,10]↕[10,10,11,11,12]↕9↕80↕1↕10600↕152↕1↕[0,0]↕[500,500]↕1↕chuan25↕↕chuan25↕chuan25↕[0,40]↕0.84↕500↕⋚
269↕急救船↕26↕1↕科技船↕[9,9,9,10,10]↕[10,10,11,11,12]↕9↕81↕1↕10640↕153↕1↕[0,0]↕[430,430]↕1↕chuan26↕↕chuan26↕chuan26↕[0,-30]↕0.9↕430↕⋚
270↕皮筏艇↕27↕4↕生活船↕[9,9,9,10,10]↕[10,10,11,11,12]↕9↕82↕1↕10680↕155↕1↕[0,0]↕[350,350]↕1↕chuan27↕↕chuan27↕chuan27↕[-20,-30]↕0.48↕350↕⋚
271↕双人快艇↕28↕2↕娱乐船↕[9,9,9,10,10]↕[10,10,11,11,12]↕9↕83↕1↕10720↕157↕1↕[0,0]↕[440,440]↕1↕chuan28↕↕chuan28↕chuan28↕[-20,-30]↕0.78↕440↕⋚
272↕桥墩船↕29↕3↕运输船↕[9,9,9,10,10]↕[10,10,11,11,12]↕9↕84↕1↕10760↕159↕1↕[0,0]↕[500,500]↕1↕chuan29↕↕chuan29↕chuan29↕[0,0]↕0.9↕500↕⋚
273↕航空母舰↕30↕1↕科技船↕[9,9,9,10,10]↕[10,10,11,11,12]↕9↕85↕1↕10800↕161↕1↕[0,0]↕[550,550]↕1↕chuan30↕↕chuan30↕chuan30↕[10,-10]↕0.87↕550↕⋚
274↕油轮↕31↕2↕娱乐船↕[9,9,9,10,10]↕[10,10,11,11,12]↕9↕86↕1↕10840↕163↕1↕[0,0]↕[450,450]↕1↕chuan31↕↕chuan31↕chuan31↕[0,0]↕0.8↕450↕⋚
275↕货轮↕32↕2↕娱乐船↕[9,9,9,10,10]↕[10,10,11,11,12]↕9↕87↕1↕10880↕165↕1↕[0,0]↕[460,460]↕1↕chuan32↕↕chuan32↕chuan32↕[0,0]↕0.8↕460↕⋚
276↕造浪船↕33↕1↕科技船↕[9,9,9,10,10]↕[10,10,11,11,12]↕9↕88↕1↕10920↕167↕1↕[0,0]↕[460,460]↕1↕chuan33↕↕chuan33↕chuan33↕[0,-20]↕0.8↕460↕⋚
277↕牵引船↕34↕1↕科技船↕[9,9,9,10,10]↕[10,10,11,11,12]↕9↕89↕1↕10960↕169↕1↕[0,0]↕[500,500]↕1↕chuan34↕↕chuan34↕chuan34↕[0,-20]↕0.65↕500↕⋚
278↕起重船↕35↕1↕科技船↕[9,9,9,10,10]↕[10,10,11,11,12]↕9↕90↕1↕11000↕171↕1↕[0,0]↕[480,480]↕1↕chuan35↕↕chuan35↕chuan35↕[0,-20]↕0.8↕480↕⋚
279↕水质检测船↕36↕1↕科技船↕[9,9,9,10,10]↕[10,10,11,11,12]↕9↕91↕1↕11040↕172↕1↕[0,0]↕[500,500]↕1↕chuan36↕↕chuan36↕chuan36↕[0,-20]↕0.66↕500↕⋚
280↕探索船↕37↕1↕科技船↕[9,9,9,10,10]↕[10,10,11,11,12]↕9↕92↕1↕11080↕174↕1↕[0,0]↕[478,478]↕1↕chuan37↕↕chuan37↕chuan37↕[0,-20]↕0.8↕478↕⋚
281↕矿物勘探船↕38↕1↕科技船↕[9,9,9,10,10]↕[10,10,11,11,12]↕9↕93↕1↕11120↕176↕1↕[0,0]↕[500,500]↕1↕chuan38↕↕chuan38↕chuan38↕[0,-20]↕0.7↕500↕⋚
282↕海洋考察船↕39↕1↕科技船↕[9,9,9,10,10]↕[10,10,11,11,12]↕9↕94↕1↕11160↕178↕1↕[0,0]↕[500,500]↕1↕chuan39↕↕chuan39↕chuan39↕[0,-20]↕0.7↕500↕⋚
283↕排水船↕40↕1↕科技船↕[9,9,9,10,10]↕[10,10,11,11,12]↕9↕95↕1↕11200↕180↕1↕[0,0]↕[600,600]↕1↕chuan40↕↕chuan40↕chuan40↕[0,-30]↕0.55↕600↕⋚
284↕探险者↕41↕1↕科技船↕[9,9,9,10,10]↕[10,10,11,11,12]↕9↕96↕1↕11240↕182↕1↕[0,0]↕[600,600]↕1↕chuan41↕↕chuan41↕chuan41↕[0,-20]↕0.6↕600↕⋚
285↕航洋绘测船↕42↕1↕科技船↕[9,9,9,10,10]↕[10,10,11,11,12]↕9↕97↕1↕11280↕184↕1↕[0,0]↕[500,500]↕1↕chuan42↕↕chuan42↕chuan42↕[0,-30]↕0.6↕500↕⋚
286↕卫星通讯船↕43↕1↕科技船↕[9,9,9,10,10]↕[10,10,11,11,12]↕9↕98↕1↕11320↕186↕1↕[0,0]↕[600,600]↕1↕chuan43↕↕chuan43↕chuan43↕[0,-20]↕0.6↕600↕⋚
287↕物流船↕44↕3↕运输船↕[9,9,9,10,10]↕[10,10,11,11,12]↕9↕58↕1↕11360↕110↕1↕[0,0]↕[600,600]↕1↕chuan44↕↕chuan44↕chuan44↕[0,-20]↕0.65↕600↕⋚
288↕运瓜船↕45↕3↕运输船↕[9,9,9,10,10]↕[10,10,11,11,12]↕9↕59↕1↕11400↕112↕1↕[0,0]↕[380,380]↕1↕chuan45↕↕chuan45↕chuan45↕[0,-20]↕0.8↕380↕⋚
289↕商贸船↕46↕3↕运输船↕[9,9,9,10,10]↕[10,10,11,11,12]↕9↕60↕1↕11440↕114↕1↕[0,0]↕[380,380]↕1↕chuan46↕↕chuan46↕chuan46↕[0,-20]↕0.8↕380↕⋚
290↕木板船↕47↕4↕生活船↕[9,9,9,10,10]↕[10,10,11,11,12]↕9↕61↕1↕11480↕115↕1↕[0,0]↕[550,550]↕1↕chuan47↕↕chuan47↕chuan47↕[0,-20]↕0.65↕550↕⋚
291↕线缆运输船↕48↕3↕运输船↕[9,9,9,10,10]↕[10,10,11,11,12]↕9↕62↕1↕11520↕117↕1↕[0,0]↕[600,600]↕1↕chuan48↕↕chuan48↕chuan48↕[0,-20]↕0.65↕600↕⋚
292↕果农船↕49↕3↕运输船↕[9,9,9,10,10]↕[10,10,11,11,12]↕9↕63↕1↕11560↕119↕1↕[0,0]↕[450,450]↕1↕chuan49↕↕chuan49↕chuan49↕[0,-20]↕0.8↕450↕⋚
293↕观光船↕50↕2↕娱乐船↕[9,9,9,10,10]↕[10,10,11,11,12]↕9↕64↕1↕11600↕121↕1↕[0,0]↕[450,450]↕1↕chuan50↕↕chuan50↕chuan50↕[0,-20]↕0.8↕450↕⋚
294↕捕鱼船↕51↕4↕生活船↕[9,9,9,10,10]↕[10,10,11,11,12]↕9↕65↕1↕11640↕123↕1↕[0,0]↕[500,500]↕1↕chuan51↕↕chuan51↕chuan51↕[0,-20]↕0.7↕500↕⋚
295↕海上露营船↕52↕2↕娱乐船↕[9,9,9,10,10]↕[10,10,11,11,12]↕9↕66↕1↕11680↕125↕1↕[0,0]↕[600,600]↕1↕chuan52↕↕chuan52↕chuan52↕[0,-20]↕0.55↕600↕⋚
296↕电力作业船↕53↕4↕生活船↕[9,9,9,10,10]↕[10,10,11,11,12]↕9↕67↕1↕11720↕127↕1↕[0,0]↕[555,555]↕1↕chuan53↕↕chuan53↕chuan53↕[0,-20]↕0.7↕555↕⋚
297↕肥料运输船↕54↕3↕运输船↕[9,9,9,10,10]↕[10,10,11,11,12]↕9↕68↕1↕11760↕129↕1↕[0,0]↕[555,555]↕1↕chuan54↕↕chuan54↕chuan54↕[0,-20]↕0.7↕555↕⋚
298↕补油船↕55↕4↕生活船↕[9,9,9,10,10]↕[10,10,11,11,12]↕9↕69↕1↕11800↕131↕1↕[0,0]↕[555,555]↕1↕chuan55↕↕chuan55↕chuan55↕[0,-20]↕0.7↕555↕⋚
299↕物资调配船↕56↕4↕生活船↕[9,9,9,10,10]↕[10,10,11,11,12]↕9↕70↕1↕11840↕133↕1↕[0,0]↕[555,555]↕1↕chuan56↕↕chuan56↕chuan56↕[0,-20]↕0.7↕555↕⋚
300↕远洋游轮舰↕57↕2↕娱乐船↕[9,9,9,10,10]↕[10,10,11,11,12]↕9↕71↕1↕11880↕134↕1↕[0,0]↕[555,555]↕1↕chuan57↕↕chuan57↕chuan57↕[0,-20]↕0.7↕555↕⋚
301↕小型渡江船↕58↕4↕生活船↕[9,9,9,10,10]↕[10,10,11,11,12]↕9↕72↕1↕11920↕136↕1↕[0,0]↕[480,480]↕1↕chuan58↕↕chuan58↕chuan58↕[0,-20]↕0.65↕480↕⋚
302↕巡河船↕59↕4↕生活船↕[9,9,9,10,10]↕[10,10,11,11,12]↕9↕73↕1↕11960↕138↕1↕[0,0]↕[480,480]↕1↕chuan59↕↕chuan59↕chuan59↕[0,-20]↕0.65↕480↕⋚
303↕救援船↕60↕1↕科技船↕[9,9,9,10,10]↕[10,10,11,11,12]↕9↕74↕1↕12000↕140↕1↕[0,0]↕[480,480]↕1↕chuan60↕↕chuan60↕chuan60↕[0,-20]↕0.65↕480↕⋚
304↕信号增强船↕61↕1↕科技船↕[9,9,9,10,10]↕[10,10,11,11,12]↕9↕75↕1↕12040↕142↕1↕[0,0]↕[480,480]↕1↕chuan61↕↕chuan61↕chuan61↕[0,-20]↕0.8↕480↕⋚
305↕海面观光船↕62↕2↕娱乐船↕[9,9,9,10,10]↕[10,10,11,11,12]↕9↕76↕1↕12080↕144↕1↕[0,0]↕[444,444]↕1↕chuan62↕↕chuan62↕chuan62↕[0,-20]↕0.8↕444↕⋚
306↕除藻船↕63↕4↕生活船↕[9,9,9,10,10]↕[10,10,11,11,12]↕9↕77↕1↕12120↕146↕1↕[0,0]↕[366,366]↕1↕chuan63↕↕chuan63↕chuan63↕[0,-20]↕0.8↕366↕⋚
307↕巡洋舰↕64↕1↕科技船↕[9,9,9,10,10]↕[10,10,11,11,12]↕9↕78↕1↕12160↕148↕1↕[0,0]↕[555,555]↕1↕chuan64↕↕chuan64↕chuan64↕[0,-30]↕0.7↕555↕⋚
308↕炼油船↕65↕1↕科技船↕[9,9,9,10,10]↕[10,10,11,11,12]↕9↕79↕1↕12200↕150↕1↕[0,0]↕[477,477]↕1↕chuan65↕↕chuan65↕chuan65↕[0,-30]↕0.7↕477↕⋚
309↕小型游艇↕66↕2↕娱乐船↕[9,9,9,10,10]↕[10,10,11,11,12]↕9↕80↕1↕12240↕152↕1↕[0,0]↕[555,555]↕1↕chuan66↕↕chuan66↕chuan66↕[0,-30]↕0.6↕555↕⋚
310↕娱乐船↕67↕2↕娱乐船↕[9,9,9,10,10]↕[10,10,11,11,12]↕9↕81↕1↕12280↕153↕1↕[0,0]↕[480,480]↕1↕chuan67↕↕chuan67↕chuan67↕[0,-20]↕0.8↕480↕⋚
311↕紧急避难船↕68↕4↕生活船↕[9,9,9,10,10]↕[10,10,11,11,12]↕9↕82↕1↕12320↕155↕1↕[0,0]↕[450,450]↕1↕chuan68↕↕chuan68↕chuan68↕[0,-20]↕0.8↕450↕⋚
312↕远程游艇↕69↕2↕娱乐船↕[9,9,9,10,10]↕[10,10,11,11,12]↕9↕83↕1↕12360↕157↕1↕[0,0]↕[500,500]↕1↕chuan69↕↕chuan69↕chuan69↕[0,-20]↕0.7↕500↕⋚
313↕划桨观光船↕70↕2↕娱乐船↕[9,9,9,10,10]↕[10,10,11,11,12]↕9↕84↕1↕12400↕159↕1↕[0,0]↕[333,333]↕1↕chuan70Move↕↕chuan70Idle↕chuan70Move↕[0,0]↕0.9↕333↕⋚
314↕双人游艇↕71↕2↕娱乐船↕[9,9,9,10,10]↕[10,10,11,11,12]↕9↕85↕1↕12440↕161↕1↕[0,0]↕[333,333]↕1↕chuan71Move↕↕chuan71Idle↕chuan71Move↕[0,0]↕0.9↕333↕⋚
315↕风帆↕72↕2↕娱乐船↕[9,9,9,10,10]↕[10,10,11,11,12]↕9↕86↕1↕12480↕163↕1↕[0,0]↕[333,333]↕1↕chuan72Move↕↕chuan72Idle↕chuan72Move↕[-20,20]↕0.8↕333↕⋚
316↕冲浪帆↕73↕2↕娱乐船↕[9,9,9,10,10]↕[10,10,11,11,12]↕9↕87↕1↕12520↕165↕1↕[0,0]↕[333,333]↕1↕chuan73Move↕↕chuan73Idle↕chuan73Move↕[-20,20]↕0.8↕333↕⋚
317↕景区咖啡船↕74↕2↕娱乐船↕[9,9,9,10,10]↕[10,10,11,11,12]↕9↕88↕1↕12560↕167↕1↕[0,0]↕[333,333]↕1↕chuan74Move↕↕chuan74Idle↕chuan74Move↕[0,20]↕0.6↕333↕⋚
318↕单人皮划船↕75↕2↕娱乐船↕[9,9,9,10,10]↕[10,10,11,11,12]↕9↕89↕1↕12600↕169↕1↕[0,0]↕[333,333]↕1↕chuan75Move↕↕chuan75Idle↕chuan75Move↕[-20,-30]↕0.75↕333↕⋚
319↕双人脚踏船↕76↕2↕娱乐船↕[9,9,9,10,10]↕[10,10,11,11,12]↕9↕90↕1↕12640↕171↕1↕[0,0]↕[333,333]↕1↕chuan76Move↕↕chuan76Idle↕chuan76Move↕[-20,0]↕0.8↕333↕⋚
320↕景区观光船↕77↕2↕娱乐船↕[9,9,9,10,10]↕[10,10,11,11,12]↕9↕91↕1↕12680↕172↕1↕[0,0]↕[333,333]↕1↕chuan77Move↕↕chuan77Idle↕chuan77Move↕[-20,0]↕0.8↕333↕⋚
321↕卡车船↕78↕2↕娱乐船↕[9,9,9,10,10]↕[10,10,11,11,12]↕9↕92↕1↕12720↕174↕1↕[0,0]↕[360,360]↕1↕chuan78Move↕↕chuan78Idle↕chuan78Move↕[-10,-30]↕0.8↕360↕⋚
322↕家庭游轮↕79↕2↕娱乐船↕[9,9,9,10,10]↕[10,10,11,11,12]↕9↕93↕1↕12760↕176↕1↕[0,0]↕[400,400]↕1↕chuan79Move↕↕chuan79Idle↕chuan79Move↕[0,-30]↕0.8↕400↕⋚
323↕母子皮伐圈↕80↕2↕娱乐船↕[9,9,9,10,10]↕[10,10,11,11,12]↕9↕94↕1↕12800↕178↕1↕[0,0]↕[333,333]↕1↕chuan80↕↕chuan80↕chuan80↕[0,-10]↕0.8↕333↕⋚
324↕信号接收船↕81↕1↕科技船↕[9,9,9,10,10]↕[10,10,11,11,12]↕9↕95↕1↕12840↕180↕1↕[0,0]↕[400,400]↕1↕chuan81Move↕↕chuan81Idle↕chuan81Move↕[-10,20]↕0.8↕400↕⋚
325↕捕鱼船↕1↕4↕生活船↕[9,9,9,10,10]↕[10,10,11,11,12]↕9↕96↕1↕12880↕182↕1↕[0,0]↕[300,300]↕1↕chuan1↕↕chuan1↕chuan1↕[0,-20]↕1.1↕300↕⋚
326↕货轮↕2↕3↕运输船↕[9,9,9,10,10]↕[10,10,11,11,12]↕9↕97↕1↕12920↕184↕1↕[0,0]↕[370,370]↕1↕chuan2↕↕chuan2↕chuan2↕[20,0]↕1.1↕370↕⋚
327↕小皮筏↕27↕2↕娱乐船↕[9,9,9,10,10]↕[10,10,11,11,12]↕9↕98↕1↕12960↕186↕1↕[0,0]↕[350,350]↕1↕chuan27↕↕chuan27↕chuan27↕[-20,-30]↕0.48↕350↕⋚
328↕小竹排↕4↕4↕生活船↕[9,9,9,10,10]↕[10,10,11,11,12]↕9↕58↕1↕13000↕110↕1↕[0,0]↕[460,460]↕1↕chuan4Move↕↕chuan4Idle↕chuan4Move↕[0,0]↕0.385↕460↕⋚
329↕货运船↕5↕3↕运输船↕[9,9,9,10,10]↕[10,10,11,11,12]↕9↕59↕1↕13040↕112↕1↕[0,0]↕[540,540]↕1↕chuan5↕↕chuan5↕chuan5↕[0,-20]↕0.77↕540↕⋚
330↕鲁滨逊漂流↕6↕4↕生活船↕[9,9,9,10,10]↕[10,10,11,11,12]↕9↕60↕1↕13080↕114↕1↕[0,0]↕[234,234]↕1↕chuan6Move↕↕chuan6Idle↕chuan6Move↕[20,-10]↕0.77↕234↕⋚
331↕木船↕7↕4↕生活船↕[9,9,9,10,10]↕[10,10,11,11,12]↕9↕61↕1↕13120↕115↕1↕[0,0]↕[300,300]↕1↕chuan7↕↕chuan7↕chuan7↕[0,0]↕1.1↕300↕⋚
332↕潜水艇↕8↕1↕科技船↕[9,9,9,10,10]↕[10,10,11,11,12]↕9↕62↕1↕13160↕117↕1↕[0,0]↕[354,354]↕1↕chuan8Move↕chuan8qiehuan↕chuan8Ilde↕chuan8Ilde↕[-10,-10]↕1.1↕354↕⋚
333↕载佛船↕9↕3↕运输船↕[9,9,9,10,10]↕[10,10,11,11,12]↕9↕63↕1↕13200↕119↕1↕[0,0]↕[270,270]↕0↕ship9↕↕ship9↕ship9↕[0,-20]↕0.935↕270↕⋚
334↕礼物船↕10↕3↕运输船↕[9,9,9,10,10]↕[10,10,11,11,12]↕9↕64↕1↕13240↕121↕1↕[0,0]↕[335,335]↕0↕ship10↕↕ship10↕ship10↕[20,0]↕1.1↕335↕⋚
335↕挖机水上漂↕11↕1↕科技船↕[9,9,9,10,10]↕[10,10,11,11,12]↕9↕65↕1↕13280↕123↕1↕[0,0]↕[360,360]↕0↕ship11↕↕shipIdle11↕ship11↕[-20,-60]↕0.77↕360↕⋚
336↕路飞钓鱼↕12↕4↕生活船↕[9,9,9,10,10]↕[10,10,11,11,12]↕9↕66↕1↕13320↕125↕1↕[0,0]↕[225,225]↕1↕chuan12↕↕chuan12↕chuan12↕[10,0]↕0.77↕225↕⋚
337↕运车船↕13↕3↕运输船↕[9,9,9,10,10]↕[10,10,11,11,12]↕9↕67↕1↕13360↕127↕1↕[0,0]↕[500,500]↕1↕chuan13↕↕chuan13↕chuan13↕[0,0]↕0.9↕500↕⋚
338↕游轮↕14↕2↕娱乐船↕[9,9,9,10,10]↕[10,10,11,11,12]↕9↕68↕1↕13400↕129↕1↕[0,0]↕[340,340]↕1↕chuan14↕↕chuan14↕chuan14↕[20,-10]↕1.2↕340↕⋚
339↕破冰船↕15↕1↕科技船↕[9,9,9,10,10]↕[10,10,11,11,12]↕9↕69↕1↕13440↕131↕1↕[0,0]↕[500,500]↕1↕chuan15↕↕chuan15↕chuan15↕[0,-30]↕0.72↕500↕⋚
340↕豪华游轮↕16↕2↕娱乐船↕[9,9,9,10,10]↕[10,10,11,11,12]↕9↕70↕1↕13480↕133↕1↕[0,0]↕[500,500]↕1↕chuan16↕↕chuan16↕chuan16↕[0,-30]↕0.9↕500↕⋚
341↕帆船↕17↕2↕娱乐船↕[9,9,9,10,10]↕[10,10,11,11,12]↕9↕71↕1↕13520↕134↕1↕[0,0]↕[460,460]↕1↕chuan17↕↕chuan17↕chuan17↕[0,0]↕0.54↕460↕⋚
342↕运菜船↕18↕2↕娱乐船↕[9,9,9,10,10]↕[10,10,11,11,12]↕9↕72↕1↕13560↕136↕1↕[0,0]↕[500,500]↕1↕chuan18↕↕chuan18↕chuan18↕[0,-20]↕0.72↕500↕⋚
343↕香蕉船↕19↕3↕运输船↕[9,9,9,10,10]↕[10,10,11,11,12]↕9↕73↕1↕13600↕138↕1↕[0,0]↕[400,400]↕1↕chuan19↕↕chuan19↕chuan19↕[0,-20]↕0.72↕400↕⋚
344↕榴莲船↕20↕3↕运输船↕[9,9,9,10,10]↕[10,10,11,11,12]↕9↕74↕1↕13640↕140↕1↕[0,0]↕[420,420]↕1↕chuan20↕↕chuan20↕chuan20↕[0,-20]↕0.96↕420↕⋚
345↕小游艇↕21↕2↕娱乐船↕[9,9,9,10,10]↕[10,10,11,11,12]↕9↕75↕1↕13680↕142↕1↕[0,0]↕[460,460]↕1↕chuan21↕↕chuan21↕chuan21↕[0,-20]↕0.9↕460↕⋚
346↕轰趴船↕22↕2↕娱乐船↕[9,9,9,10,10]↕[10,10,11,11,12]↕9↕76↕1↕13720↕144↕1↕[0,0]↕[460,460]↕1↕chuan22↕↕chuan22↕chuan22↕[0,-30]↕0.84↕460↕⋚
347↕运木船↕23↕3↕运输船↕[9,9,9,10,10]↕[10,10,11,11,12]↕9↕77↕1↕13760↕146↕1↕[0,0]↕[420,420]↕1↕chuan23↕↕chuan23↕chuan23↕[0,-30]↕1.02↕420↕⋚
348↕勘探船↕24↕1↕科技船↕[9,9,9,10,10]↕[10,10,11,11,12]↕9↕78↕1↕13800↕148↕1↕[0,0]↕[430,430]↕1↕chuan24↕↕chuan24↕chuan24↕[-40,40]↕0.66↕430↕⋚
349↕打捞船↕25↕1↕科技船↕[9,9,9,10,10]↕[10,10,11,11,12]↕9↕79↕1↕13840↕150↕1↕[0,0]↕[500,500]↕1↕chuan25↕↕chuan25↕chuan25↕[0,40]↕0.84↕500↕⋚
350↕急救船↕26↕1↕科技船↕[9,9,9,10,10]↕[10,10,11,11,12]↕9↕80↕1↕13880↕152↕1↕[0,0]↕[430,430]↕1↕chuan26↕↕chuan26↕chuan26↕[0,-30]↕0.9↕430↕⋚
351↕皮筏艇↕27↕4↕生活船↕[9,9,9,10,10]↕[10,10,11,11,12]↕9↕81↕1↕13920↕153↕1↕[0,0]↕[350,350]↕1↕chuan27↕↕chuan27↕chuan27↕[-20,-30]↕0.48↕350↕⋚
352↕双人快艇↕28↕2↕娱乐船↕[9,9,9,10,10]↕[10,10,11,11,12]↕9↕82↕1↕13960↕155↕1↕[0,0]↕[440,440]↕1↕chuan28↕↕chuan28↕chuan28↕[-20,-30]↕0.78↕440↕⋚
353↕桥墩船↕29↕3↕运输船↕[9,9,9,10,10]↕[10,10,11,11,12]↕9↕83↕1↕14000↕157↕1↕[0,0]↕[500,500]↕1↕chuan29↕↕chuan29↕chuan29↕[0,0]↕0.9↕500↕⋚
354↕航空母舰↕30↕1↕科技船↕[9,9,9,10,10]↕[10,10,11,11,12]↕9↕84↕1↕14040↕159↕1↕[0,0]↕[550,550]↕1↕chuan30↕↕chuan30↕chuan30↕[10,-10]↕0.87↕550↕⋚
355↕油轮↕31↕2↕娱乐船↕[9,9,9,10,10]↕[10,10,11,11,12]↕9↕85↕1↕14080↕161↕1↕[0,0]↕[450,450]↕1↕chuan31↕↕chuan31↕chuan31↕[0,0]↕0.8↕450↕⋚
356↕货轮↕32↕2↕娱乐船↕[9,9,9,10,10]↕[10,10,11,11,12]↕9↕86↕1↕14120↕163↕1↕[0,0]↕[460,460]↕1↕chuan32↕↕chuan32↕chuan32↕[0,0]↕0.8↕460↕⋚
357↕造浪船↕33↕1↕科技船↕[9,9,9,10,10]↕[10,10,11,11,12]↕9↕87↕1↕14160↕165↕1↕[0,0]↕[460,460]↕1↕chuan33↕↕chuan33↕chuan33↕[0,-20]↕0.8↕460↕⋚
358↕牵引船↕34↕1↕科技船↕[9,9,9,10,10]↕[10,10,11,11,12]↕9↕88↕1↕14200↕167↕1↕[0,0]↕[500,500]↕1↕chuan34↕↕chuan34↕chuan34↕[0,-20]↕0.65↕500↕⋚
359↕起重船↕35↕1↕科技船↕[9,9,9,10,10]↕[10,10,11,11,12]↕9↕89↕1↕14240↕169↕1↕[0,0]↕[480,480]↕1↕chuan35↕↕chuan35↕chuan35↕[0,-20]↕0.8↕480↕⋚
360↕水质检测船↕36↕1↕科技船↕[9,9,9,10,10]↕[10,10,11,11,12]↕9↕90↕1↕14280↕171↕1↕[0,0]↕[500,500]↕1↕chuan36↕↕chuan36↕chuan36↕[0,-20]↕0.66↕500↕⋚
361↕探索船↕37↕1↕科技船↕[9,9,9,10,10]↕[10,10,11,11,12]↕9↕91↕1↕14320↕172↕1↕[0,0]↕[478,478]↕1↕chuan37↕↕chuan37↕chuan37↕[0,-20]↕0.8↕478↕⋚
362↕矿物勘探船↕38↕1↕科技船↕[9,9,9,10,10]↕[10,10,11,11,12]↕9↕92↕1↕14360↕174↕1↕[0,0]↕[500,500]↕1↕chuan38↕↕chuan38↕chuan38↕[0,-20]↕0.7↕500↕⋚
363↕海洋考察船↕39↕1↕科技船↕[9,9,9,10,10]↕[10,10,11,11,12]↕9↕93↕1↕14400↕176↕1↕[0,0]↕[500,500]↕1↕chuan39↕↕chuan39↕chuan39↕[0,-20]↕0.7↕500↕⋚
364↕排水船↕40↕1↕科技船↕[9,9,9,10,10]↕[10,10,11,11,12]↕9↕94↕1↕14440↕178↕1↕[0,0]↕[600,600]↕1↕chuan40↕↕chuan40↕chuan40↕[0,-30]↕0.55↕600↕⋚
365↕探险者↕41↕1↕科技船↕[9,9,9,10,10]↕[10,10,11,11,12]↕9↕95↕1↕14480↕180↕1↕[0,0]↕[600,600]↕1↕chuan41↕↕chuan41↕chuan41↕[0,-20]↕0.6↕600↕⋚
366↕航洋绘测船↕42↕1↕科技船↕[9,9,9,10,10]↕[10,10,11,11,12]↕9↕96↕1↕14520↕182↕1↕[0,0]↕[500,500]↕1↕chuan42↕↕chuan42↕chuan42↕[0,-30]↕0.6↕500↕⋚
367↕卫星通讯船↕43↕1↕科技船↕[9,9,9,10,10]↕[10,10,11,11,12]↕9↕97↕1↕14560↕184↕1↕[0,0]↕[600,600]↕1↕chuan43↕↕chuan43↕chuan43↕[0,-20]↕0.6↕600↕⋚
368↕物流船↕44↕3↕运输船↕[9,9,9,10,10]↕[10,10,11,11,12]↕9↕98↕1↕14600↕186↕1↕[0,0]↕[600,600]↕1↕chuan44↕↕chuan44↕chuan44↕[0,-20]↕0.65↕600↕⋚
369↕运瓜船↕45↕3↕运输船↕[9,9,9,10,10]↕[10,10,11,11,12]↕9↕58↕1↕14640↕110↕1↕[0,0]↕[380,380]↕1↕chuan45↕↕chuan45↕chuan45↕[0,-20]↕0.8↕380↕⋚
370↕商贸船↕46↕3↕运输船↕[9,9,9,10,10]↕[10,10,11,11,12]↕9↕59↕1↕14680↕112↕1↕[0,0]↕[380,380]↕1↕chuan46↕↕chuan46↕chuan46↕[0,-20]↕0.8↕380↕⋚
371↕木板船↕47↕4↕生活船↕[9,9,9,10,10]↕[10,10,11,11,12]↕9↕60↕1↕14720↕114↕1↕[0,0]↕[550,550]↕1↕chuan47↕↕chuan47↕chuan47↕[0,-20]↕0.65↕550↕⋚
372↕线缆运输船↕48↕3↕运输船↕[9,9,9,10,10]↕[10,10,11,11,12]↕9↕61↕1↕14760↕115↕1↕[0,0]↕[600,600]↕1↕chuan48↕↕chuan48↕chuan48↕[0,-20]↕0.65↕600↕⋚
373↕果农船↕49↕3↕运输船↕[9,9,9,10,10]↕[10,10,11,11,12]↕9↕62↕1↕14800↕117↕1↕[0,0]↕[450,450]↕1↕chuan49↕↕chuan49↕chuan49↕[0,-20]↕0.8↕450↕⋚
374↕观光船↕50↕2↕娱乐船↕[9,9,9,10,10]↕[10,10,11,11,12]↕9↕63↕1↕14840↕119↕1↕[0,0]↕[450,450]↕1↕chuan50↕↕chuan50↕chuan50↕[0,-20]↕0.8↕450↕⋚
375↕捕鱼船↕51↕4↕生活船↕[9,9,9,10,10]↕[10,10,11,11,12]↕9↕64↕1↕14880↕121↕1↕[0,0]↕[500,500]↕1↕chuan51↕↕chuan51↕chuan51↕[0,-20]↕0.7↕500↕⋚
376↕海上露营船↕52↕2↕娱乐船↕[9,9,9,10,10]↕[10,10,11,11,12]↕9↕65↕1↕14920↕123↕1↕[0,0]↕[600,600]↕1↕chuan52↕↕chuan52↕chuan52↕[0,-20]↕0.55↕600↕⋚
377↕电力作业船↕53↕4↕生活船↕[9,9,9,10,10]↕[10,10,11,11,12]↕9↕66↕1↕14960↕125↕1↕[0,0]↕[555,555]↕1↕chuan53↕↕chuan53↕chuan53↕[0,-20]↕0.7↕555↕⋚
378↕肥料运输船↕54↕3↕运输船↕[9,9,9,10,10]↕[10,10,11,11,12]↕9↕67↕1↕15000↕127↕1↕[0,0]↕[555,555]↕1↕chuan54↕↕chuan54↕chuan54↕[0,-20]↕0.7↕555↕⋚
379↕补油船↕55↕4↕生活船↕[9,9,9,10,10]↕[10,10,11,11,12]↕9↕68↕1↕15040↕129↕1↕[0,0]↕[555,555]↕1↕chuan55↕↕chuan55↕chuan55↕[0,-20]↕0.7↕555↕⋚
380↕物资调配船↕56↕4↕生活船↕[9,9,9,10,10]↕[10,10,11,11,12]↕9↕69↕1↕15080↕131↕1↕[0,0]↕[555,555]↕1↕chuan56↕↕chuan56↕chuan56↕[0,-20]↕0.7↕555↕⋚
381↕远洋游轮舰↕57↕2↕娱乐船↕[9,9,9,10,10]↕[10,10,11,11,12]↕9↕70↕1↕15120↕133↕1↕[0,0]↕[555,555]↕1↕chuan57↕↕chuan57↕chuan57↕[0,-20]↕0.7↕555↕⋚
382↕小型渡江船↕58↕4↕生活船↕[9,9,9,10,10]↕[10,10,11,11,12]↕9↕71↕1↕15160↕134↕1↕[0,0]↕[480,480]↕1↕chuan58↕↕chuan58↕chuan58↕[0,-20]↕0.65↕480↕⋚
383↕巡河船↕59↕4↕生活船↕[9,9,9,10,10]↕[10,10,11,11,12]↕9↕72↕1↕15200↕136↕1↕[0,0]↕[480,480]↕1↕chuan59↕↕chuan59↕chuan59↕[0,-20]↕0.65↕480↕⋚
384↕救援船↕60↕1↕科技船↕[9,9,9,10,10]↕[10,10,11,11,12]↕9↕73↕1↕15240↕138↕1↕[0,0]↕[480,480]↕1↕chuan60↕↕chuan60↕chuan60↕[0,-20]↕0.65↕480↕⋚
385↕信号增强船↕61↕1↕科技船↕[9,9,9,10,10]↕[10,10,11,11,12]↕9↕74↕1↕15280↕140↕1↕[0,0]↕[480,480]↕1↕chuan61↕↕chuan61↕chuan61↕[0,-20]↕0.8↕480↕⋚
386↕海面观光船↕62↕2↕娱乐船↕[9,9,9,10,10]↕[10,10,11,11,12]↕9↕75↕1↕15320↕142↕1↕[0,0]↕[444,444]↕1↕chuan62↕↕chuan62↕chuan62↕[0,-20]↕0.8↕444↕⋚
387↕除藻船↕63↕4↕生活船↕[9,9,9,10,10]↕[10,10,11,11,12]↕9↕76↕1↕15360↕144↕1↕[0,0]↕[366,366]↕1↕chuan63↕↕chuan63↕chuan63↕[0,-20]↕0.8↕366↕⋚
388↕巡洋舰↕64↕1↕科技船↕[9,9,9,10,10]↕[10,10,11,11,12]↕9↕77↕1↕15400↕146↕1↕[0,0]↕[555,555]↕1↕chuan64↕↕chuan64↕chuan64↕[0,-30]↕0.7↕555↕⋚
389↕炼油船↕65↕1↕科技船↕[9,9,9,10,10]↕[10,10,11,11,12]↕9↕78↕1↕15440↕148↕1↕[0,0]↕[477,477]↕1↕chuan65↕↕chuan65↕chuan65↕[0,-30]↕0.7↕477↕⋚
390↕小型游艇↕66↕2↕娱乐船↕[9,9,9,10,10]↕[10,10,11,11,12]↕9↕79↕1↕15480↕150↕1↕[0,0]↕[555,555]↕1↕chuan66↕↕chuan66↕chuan66↕[0,-30]↕0.6↕555↕⋚
391↕娱乐船↕67↕2↕娱乐船↕[9,9,9,10,10]↕[10,10,11,11,12]↕9↕80↕1↕15520↕152↕1↕[0,0]↕[480,480]↕1↕chuan67↕↕chuan67↕chuan67↕[0,-20]↕0.8↕480↕⋚
392↕紧急避难船↕68↕4↕生活船↕[9,9,9,10,10]↕[10,10,11,11,12]↕9↕81↕1↕15560↕153↕1↕[0,0]↕[450,450]↕1↕chuan68↕↕chuan68↕chuan68↕[0,-20]↕0.8↕450↕⋚
393↕远程游艇↕69↕2↕娱乐船↕[9,9,9,10,10]↕[10,10,11,11,12]↕9↕82↕1↕15600↕155↕1↕[0,0]↕[500,500]↕1↕chuan69↕↕chuan69↕chuan69↕[0,-20]↕0.7↕500↕⋚
394↕划桨观光船↕70↕2↕娱乐船↕[9,9,9,10,10]↕[10,10,11,11,12]↕9↕83↕1↕15640↕157↕1↕[0,0]↕[333,333]↕1↕chuan70Move↕↕chuan70Idle↕chuan70Move↕[0,0]↕0.9↕333↕⋚
395↕双人游艇↕71↕2↕娱乐船↕[9,9,9,10,10]↕[10,10,11,11,12]↕9↕84↕1↕15680↕159↕1↕[0,0]↕[333,333]↕1↕chuan71Move↕↕chuan71Idle↕chuan71Move↕[0,0]↕0.9↕333↕⋚
396↕风帆↕72↕2↕娱乐船↕[9,9,9,10,10]↕[10,10,11,11,12]↕9↕85↕1↕15720↕161↕1↕[0,0]↕[333,333]↕1↕chuan72Move↕↕chuan72Idle↕chuan72Move↕[-20,20]↕0.8↕333↕⋚
397↕冲浪帆↕73↕2↕娱乐船↕[9,9,9,10,10]↕[10,10,11,11,12]↕9↕86↕1↕15760↕163↕1↕[0,0]↕[333,333]↕1↕chuan73Move↕↕chuan73Idle↕chuan73Move↕[-20,20]↕0.8↕333↕⋚
398↕景区咖啡船↕74↕2↕娱乐船↕[9,9,9,10,10]↕[10,10,11,11,12]↕9↕87↕1↕15800↕165↕1↕[0,0]↕[333,333]↕1↕chuan74Move↕↕chuan74Idle↕chuan74Move↕[0,20]↕0.6↕333↕⋚
399↕单人皮划船↕75↕2↕娱乐船↕[9,9,9,10,10]↕[10,10,11,11,12]↕9↕88↕1↕15840↕167↕1↕[0,0]↕[333,333]↕1↕chuan75Move↕↕chuan75Idle↕chuan75Move↕[-20,-30]↕0.75↕333↕⋚
400↕双人脚踏船↕76↕2↕娱乐船↕[9,9,9,10,10]↕[10,10,11,11,12]↕9↕89↕1↕15880↕169↕1↕[0,0]↕[333,333]↕1↕chuan76Move↕↕chuan76Idle↕chuan76Move↕[-20,0]↕0.8↕333↕⋚
401↕景区观光船↕77↕2↕娱乐船↕[9,9,9,10,10]↕[10,10,11,11,12]↕9↕90↕1↕15920↕171↕1↕[0,0]↕[333,333]↕1↕chuan77Move↕↕chuan77Idle↕chuan77Move↕[-20,0]↕0.8↕333↕⋚
402↕卡车船↕78↕2↕娱乐船↕[9,9,9,10,10]↕[10,10,11,11,12]↕9↕91↕1↕15960↕172↕1↕[0,0]↕[360,360]↕1↕chuan78Move↕↕chuan78Idle↕chuan78Move↕[-10,-30]↕0.8↕360↕⋚
403↕家庭游轮↕79↕2↕娱乐船↕[9,9,9,10,10]↕[10,10,11,11,12]↕9↕92↕1↕16000↕174↕1↕[0,0]↕[400,400]↕1↕chuan79Move↕↕chuan79Idle↕chuan79Move↕[0,-30]↕0.8↕400↕⋚
404↕母子皮伐圈↕80↕2↕娱乐船↕[9,9,9,10,10]↕[10,10,11,11,12]↕9↕93↕1↕16040↕176↕1↕[0,0]↕[333,333]↕1↕chuan80↕↕chuan80↕chuan80↕[0,-10]↕0.8↕333↕⋚
405↕信号接收船↕81↕1↕科技船↕[9,9,9,10,10]↕[10,10,11,11,12]↕9↕94↕1↕16080↕178↕1↕[0,0]↕[400,400]↕1↕chuan81Move↕↕chuan81Idle↕chuan81Move↕[-10,20]↕0.8↕400↕⋚
406↕捕鱼船↕1↕4↕生活船↕[9,9,9,10,10]↕[10,10,11,11,12]↕9↕95↕1↕16120↕180↕1↕[0,0]↕[300,300]↕1↕chuan1↕↕chuan1↕chuan1↕[0,-20]↕1.1↕300↕⋚
407↕货轮↕2↕3↕运输船↕[9,9,9,10,10]↕[10,10,11,11,12]↕9↕96↕1↕16160↕182↕1↕[0,0]↕[370,370]↕1↕chuan2↕↕chuan2↕chuan2↕[20,0]↕1.1↕370↕⋚
408↕小皮筏↕27↕2↕娱乐船↕[9,9,9,10,10]↕[10,10,11,11,12]↕9↕97↕1↕16200↕184↕1↕[0,0]↕[350,350]↕1↕chuan27↕↕chuan27↕chuan27↕[-20,-30]↕0.48↕350↕⋚
409↕小竹排↕4↕4↕生活船↕[9,9,9,10,10]↕[10,10,11,11,12]↕9↕98↕1↕16240↕186↕1↕[0,0]↕[460,460]↕1↕chuan4Move↕↕chuan4Idle↕chuan4Move↕[0,0]↕0.385↕460↕⋚
410↕货运船↕5↕3↕运输船↕[9,9,9,10,10]↕[10,10,11,11,12]↕9↕58↕1↕16280↕110↕1↕[0,0]↕[540,540]↕1↕chuan5↕↕chuan5↕chuan5↕[0,-20]↕0.77↕540↕⋚
411↕鲁滨逊漂流↕6↕4↕生活船↕[9,9,9,10,10]↕[10,10,11,11,12]↕9↕59↕1↕16320↕112↕1↕[0,0]↕[234,234]↕1↕chuan6Move↕↕chuan6Idle↕chuan6Move↕[20,-10]↕0.77↕234↕⋚
412↕木船↕7↕4↕生活船↕[9,9,9,10,10]↕[10,10,11,11,12]↕9↕60↕1↕16360↕114↕1↕[0,0]↕[300,300]↕1↕chuan7↕↕chuan7↕chuan7↕[0,0]↕1.1↕300↕⋚
413↕潜水艇↕8↕1↕科技船↕[9,9,9,10,10]↕[10,10,11,11,12]↕9↕61↕1↕16400↕115↕1↕[0,0]↕[354,354]↕1↕chuan8Move↕chuan8qiehuan↕chuan8Ilde↕chuan8Ilde↕[-10,-10]↕1.1↕354↕⋚
414↕载佛船↕9↕3↕运输船↕[9,9,9,10,10]↕[10,10,11,11,12]↕9↕62↕1↕16440↕117↕1↕[0,0]↕[270,270]↕0↕ship9↕↕ship9↕ship9↕[0,-20]↕0.935↕270↕⋚
415↕礼物船↕10↕3↕运输船↕[9,9,9,10,10]↕[10,10,11,11,12]↕9↕63↕1↕16480↕119↕1↕[0,0]↕[335,335]↕0↕ship10↕↕ship10↕ship10↕[20,0]↕1.1↕335↕⋚
416↕挖机水上漂↕11↕1↕科技船↕[9,9,9,10,10]↕[10,10,11,11,12]↕9↕64↕1↕16520↕121↕1↕[0,0]↕[360,360]↕0↕ship11↕↕shipIdle11↕ship11↕[-20,-60]↕0.77↕360↕⋚
417↕路飞钓鱼↕12↕4↕生活船↕[9,9,9,10,10]↕[10,10,11,11,12]↕9↕65↕1↕16560↕123↕1↕[0,0]↕[225,225]↕1↕chuan12↕↕chuan12↕chuan12↕[10,0]↕0.77↕225↕⋚
418↕运车船↕13↕3↕运输船↕[9,9,9,10,10]↕[10,10,11,11,12]↕9↕66↕1↕16600↕125↕1↕[0,0]↕[500,500]↕1↕chuan13↕↕chuan13↕chuan13↕[0,0]↕0.9↕500↕⋚
419↕游轮↕14↕2↕娱乐船↕[9,9,9,10,10]↕[10,10,11,11,12]↕9↕67↕1↕16640↕127↕1↕[0,0]↕[340,340]↕1↕chuan14↕↕chuan14↕chuan14↕[20,-10]↕1.2↕340↕⋚
420↕破冰船↕15↕1↕科技船↕[9,9,9,10,10]↕[10,10,11,11,12]↕9↕68↕1↕16680↕129↕1↕[0,0]↕[500,500]↕1↕chuan15↕↕chuan15↕chuan15↕[0,-30]↕0.72↕500↕⋚
421↕豪华游轮↕16↕2↕娱乐船↕[9,9,9,10,10]↕[10,10,11,11,12]↕9↕69↕1↕16720↕131↕1↕[0,0]↕[500,500]↕1↕chuan16↕↕chuan16↕chuan16↕[0,-30]↕0.9↕500↕⋚
422↕帆船↕17↕2↕娱乐船↕[9,9,9,10,10]↕[10,10,11,11,12]↕9↕70↕1↕16760↕133↕1↕[0,0]↕[460,460]↕1↕chuan17↕↕chuan17↕chuan17↕[0,0]↕0.54↕460↕⋚
423↕运菜船↕18↕2↕娱乐船↕[9,9,9,10,10]↕[10,10,11,11,12]↕9↕71↕1↕16800↕134↕1↕[0,0]↕[500,500]↕1↕chuan18↕↕chuan18↕chuan18↕[0,-20]↕0.72↕500↕⋚
424↕香蕉船↕19↕3↕运输船↕[9,9,9,10,10]↕[10,10,11,11,12]↕9↕72↕1↕16840↕136↕1↕[0,0]↕[400,400]↕1↕chuan19↕↕chuan19↕chuan19↕[0,-20]↕0.72↕400↕⋚
425↕榴莲船↕20↕3↕运输船↕[9,9,9,10,10]↕[10,10,11,11,12]↕9↕73↕1↕16880↕138↕1↕[0,0]↕[420,420]↕1↕chuan20↕↕chuan20↕chuan20↕[0,-20]↕0.96↕420↕⋚
426↕小游艇↕21↕2↕娱乐船↕[9,9,9,10,10]↕[10,10,11,11,12]↕9↕74↕1↕16920↕140↕1↕[0,0]↕[460,460]↕1↕chuan21↕↕chuan21↕chuan21↕[0,-20]↕0.9↕460↕⋚
427↕轰趴船↕22↕2↕娱乐船↕[9,9,9,10,10]↕[10,10,11,11,12]↕9↕75↕1↕16960↕142↕1↕[0,0]↕[460,460]↕1↕chuan22↕↕chuan22↕chuan22↕[0,-30]↕0.84↕460↕⋚
428↕运木船↕23↕3↕运输船↕[9,9,9,10,10]↕[10,10,11,11,12]↕9↕76↕1↕17000↕144↕1↕[0,0]↕[420,420]↕1↕chuan23↕↕chuan23↕chuan23↕[0,-30]↕1.02↕420↕⋚
429↕勘探船↕24↕1↕科技船↕[9,9,9,10,10]↕[10,10,11,11,12]↕9↕77↕1↕17040↕146↕1↕[0,0]↕[430,430]↕1↕chuan24↕↕chuan24↕chuan24↕[-40,40]↕0.66↕430↕⋚
430↕打捞船↕25↕1↕科技船↕[9,9,9,10,10]↕[10,10,11,11,12]↕9↕78↕1↕17080↕148↕1↕[0,0]↕[500,500]↕1↕chuan25↕↕chuan25↕chuan25↕[0,40]↕0.84↕500↕⋚
431↕急救船↕26↕1↕科技船↕[9,9,9,10,10]↕[10,10,11,11,12]↕9↕79↕1↕17120↕150↕1↕[0,0]↕[430,430]↕1↕chuan26↕↕chuan26↕chuan26↕[0,-30]↕0.9↕430↕⋚
432↕皮筏艇↕27↕4↕生活船↕[9,9,9,10,10]↕[10,10,11,11,12]↕9↕80↕1↕17160↕152↕1↕[0,0]↕[350,350]↕1↕chuan27↕↕chuan27↕chuan27↕[-20,-30]↕0.48↕350↕⋚
433↕双人快艇↕28↕2↕娱乐船↕[9,9,9,10,10]↕[10,10,11,11,12]↕9↕81↕1↕17200↕153↕1↕[0,0]↕[440,440]↕1↕chuan28↕↕chuan28↕chuan28↕[-20,-30]↕0.78↕440↕⋚
434↕桥墩船↕29↕3↕运输船↕[9,9,9,10,10]↕[10,10,11,11,12]↕9↕82↕1↕17240↕155↕1↕[0,0]↕[500,500]↕1↕chuan29↕↕chuan29↕chuan29↕[0,0]↕0.9↕500↕⋚
435↕航空母舰↕30↕1↕科技船↕[9,9,9,10,10]↕[10,10,11,11,12]↕9↕83↕1↕17280↕157↕1↕[0,0]↕[550,550]↕1↕chuan30↕↕chuan30↕chuan30↕[10,-10]↕0.87↕550↕⋚
436↕油轮↕31↕2↕娱乐船↕[9,9,9,10,10]↕[10,10,11,11,12]↕9↕84↕1↕17320↕159↕1↕[0,0]↕[450,450]↕1↕chuan31↕↕chuan31↕chuan31↕[0,0]↕0.8↕450↕⋚
437↕货轮↕32↕2↕娱乐船↕[9,9,9,10,10]↕[10,10,11,11,12]↕9↕85↕1↕17360↕161↕1↕[0,0]↕[460,460]↕1↕chuan32↕↕chuan32↕chuan32↕[0,0]↕0.8↕460↕⋚
438↕造浪船↕33↕1↕科技船↕[9,9,9,10,10]↕[10,10,11,11,12]↕9↕86↕1↕17400↕163↕1↕[0,0]↕[460,460]↕1↕chuan33↕↕chuan33↕chuan33↕[0,-20]↕0.8↕460↕⋚
439↕牵引船↕34↕1↕科技船↕[9,9,9,10,10]↕[10,10,11,11,12]↕9↕87↕1↕17440↕165↕1↕[0,0]↕[500,500]↕1↕chuan34↕↕chuan34↕chuan34↕[0,-20]↕0.65↕500↕⋚
440↕起重船↕35↕1↕科技船↕[9,9,9,10,10]↕[10,10,11,11,12]↕9↕88↕1↕17480↕167↕1↕[0,0]↕[480,480]↕1↕chuan35↕↕chuan35↕chuan35↕[0,-20]↕0.8↕480↕⋚
441↕水质检测船↕36↕1↕科技船↕[9,9,9,10,10]↕[10,10,11,11,12]↕9↕89↕1↕17520↕169↕1↕[0,0]↕[500,500]↕1↕chuan36↕↕chuan36↕chuan36↕[0,-20]↕0.66↕500↕⋚
442↕探索船↕37↕1↕科技船↕[9,9,9,10,10]↕[10,10,11,11,12]↕9↕90↕1↕17560↕171↕1↕[0,0]↕[478,478]↕1↕chuan37↕↕chuan37↕chuan37↕[0,-20]↕0.8↕478↕⋚
443↕矿物勘探船↕38↕1↕科技船↕[9,9,9,10,10]↕[10,10,11,11,12]↕9↕91↕1↕17600↕172↕1↕[0,0]↕[500,500]↕1↕chuan38↕↕chuan38↕chuan38↕[0,-20]↕0.7↕500↕⋚
444↕海洋考察船↕39↕1↕科技船↕[9,9,9,10,10]↕[10,10,11,11,12]↕9↕92↕1↕17640↕174↕1↕[0,0]↕[500,500]↕1↕chuan39↕↕chuan39↕chuan39↕[0,-20]↕0.7↕500↕⋚
445↕排水船↕40↕1↕科技船↕[9,9,9,10,10]↕[10,10,11,11,12]↕9↕93↕1↕17680↕176↕1↕[0,0]↕[600,600]↕1↕chuan40↕↕chuan40↕chuan40↕[0,-30]↕0.55↕600↕⋚
446↕探险者↕41↕1↕科技船↕[9,9,9,10,10]↕[10,10,11,11,12]↕9↕94↕1↕17720↕178↕1↕[0,0]↕[600,600]↕1↕chuan41↕↕chuan41↕chuan41↕[0,-20]↕0.6↕600↕⋚
447↕航洋绘测船↕42↕1↕科技船↕[9,9,9,10,10]↕[10,10,11,11,12]↕9↕95↕1↕17760↕180↕1↕[0,0]↕[500,500]↕1↕chuan42↕↕chuan42↕chuan42↕[0,-30]↕0.6↕500↕⋚
448↕卫星通讯船↕43↕1↕科技船↕[9,9,9,10,10]↕[10,10,11,11,12]↕9↕96↕1↕17800↕182↕1↕[0,0]↕[600,600]↕1↕chuan43↕↕chuan43↕chuan43↕[0,-20]↕0.6↕600↕⋚
449↕物流船↕44↕3↕运输船↕[9,9,9,10,10]↕[10,10,11,11,12]↕9↕97↕1↕17840↕184↕1↕[0,0]↕[600,600]↕1↕chuan44↕↕chuan44↕chuan44↕[0,-20]↕0.65↕600↕⋚
450↕运瓜船↕45↕3↕运输船↕[9,9,9,10,10]↕[10,10,11,11,12]↕9↕98↕1↕17880↕186↕1↕[0,0]↕[380,380]↕1↕chuan45↕↕chuan45↕chuan45↕[0,-20]↕0.8↕380↕⋚
451↕商贸船↕46↕3↕运输船↕[9,9,9,10,10]↕[10,10,11,11,12]↕9↕58↕1↕17920↕110↕1↕[0,0]↕[380,380]↕1↕chuan46↕↕chuan46↕chuan46↕[0,-20]↕0.8↕380↕⋚
452↕木板船↕47↕4↕生活船↕[9,9,9,10,10]↕[10,10,11,11,12]↕9↕59↕1↕17960↕112↕1↕[0,0]↕[550,550]↕1↕chuan47↕↕chuan47↕chuan47↕[0,-20]↕0.65↕550↕⋚
453↕线缆运输船↕48↕3↕运输船↕[9,9,9,10,10]↕[10,10,11,11,12]↕9↕60↕1↕18000↕114↕1↕[0,0]↕[600,600]↕1↕chuan48↕↕chuan48↕chuan48↕[0,-20]↕0.65↕600↕⋚
454↕果农船↕49↕3↕运输船↕[9,9,9,10,10]↕[10,10,11,11,12]↕9↕61↕1↕18040↕115↕1↕[0,0]↕[450,450]↕1↕chuan49↕↕chuan49↕chuan49↕[0,-20]↕0.8↕450↕⋚
455↕观光船↕50↕2↕娱乐船↕[9,9,9,10,10]↕[10,10,11,11,12]↕9↕62↕1↕18080↕117↕1↕[0,0]↕[450,450]↕1↕chuan50↕↕chuan50↕chuan50↕[0,-20]↕0.8↕450↕⋚
456↕捕鱼船↕51↕4↕生活船↕[9,9,9,10,10]↕[10,10,11,11,12]↕9↕63↕1↕18120↕119↕1↕[0,0]↕[500,500]↕1↕chuan51↕↕chuan51↕chuan51↕[0,-20]↕0.7↕500↕⋚
457↕海上露营船↕52↕2↕娱乐船↕[9,9,9,10,10]↕[10,10,11,11,12]↕9↕64↕1↕18160↕121↕1↕[0,0]↕[600,600]↕1↕chuan52↕↕chuan52↕chuan52↕[0,-20]↕0.55↕600↕⋚
458↕电力作业船↕53↕4↕生活船↕[9,9,9,10,10]↕[10,10,11,11,12]↕9↕65↕1↕18200↕123↕1↕[0,0]↕[555,555]↕1↕chuan53↕↕chuan53↕chuan53↕[0,-20]↕0.7↕555↕⋚
459↕肥料运输船↕54↕3↕运输船↕[9,9,9,10,10]↕[10,10,11,11,12]↕9↕66↕1↕18240↕125↕1↕[0,0]↕[555,555]↕1↕chuan54↕↕chuan54↕chuan54↕[0,-20]↕0.7↕555↕⋚
460↕补油船↕55↕4↕生活船↕[9,9,9,10,10]↕[10,10,11,11,12]↕9↕67↕1↕18280↕127↕1↕[0,0]↕[555,555]↕1↕chuan55↕↕chuan55↕chuan55↕[0,-20]↕0.7↕555↕⋚
461↕物资调配船↕56↕4↕生活船↕[9,9,9,10,10]↕[10,10,11,11,12]↕9↕68↕1↕18320↕129↕1↕[0,0]↕[555,555]↕1↕chuan56↕↕chuan56↕chuan56↕[0,-20]↕0.7↕555↕⋚
462↕远洋游轮舰↕57↕2↕娱乐船↕[9,9,9,10,10]↕[10,10,11,11,12]↕9↕69↕1↕18360↕131↕1↕[0,0]↕[555,555]↕1↕chuan57↕↕chuan57↕chuan57↕[0,-20]↕0.7↕555↕⋚
463↕小型渡江船↕58↕4↕生活船↕[9,9,9,10,10]↕[10,10,11,11,12]↕9↕70↕1↕18400↕133↕1↕[0,0]↕[480,480]↕1↕chuan58↕↕chuan58↕chuan58↕[0,-20]↕0.65↕480↕⋚
464↕巡河船↕59↕4↕生活船↕[9,9,9,10,10]↕[10,10,11,11,12]↕9↕71↕1↕18440↕134↕1↕[0,0]↕[480,480]↕1↕chuan59↕↕chuan59↕chuan59↕[0,-20]↕0.65↕480↕⋚
465↕救援船↕60↕1↕科技船↕[9,9,9,10,10]↕[10,10,11,11,12]↕9↕72↕1↕18480↕136↕1↕[0,0]↕[480,480]↕1↕chuan60↕↕chuan60↕chuan60↕[0,-20]↕0.65↕480↕⋚
466↕信号增强船↕61↕1↕科技船↕[9,9,9,10,10]↕[10,10,11,11,12]↕9↕73↕1↕18520↕138↕1↕[0,0]↕[480,480]↕1↕chuan61↕↕chuan61↕chuan61↕[0,-20]↕0.8↕480↕⋚
467↕海面观光船↕62↕2↕娱乐船↕[9,9,9,10,10]↕[10,10,11,11,12]↕9↕74↕1↕18560↕140↕1↕[0,0]↕[444,444]↕1↕chuan62↕↕chuan62↕chuan62↕[0,-20]↕0.8↕444↕⋚
468↕除藻船↕63↕4↕生活船↕[9,9,9,10,10]↕[10,10,11,11,12]↕9↕75↕1↕18600↕142↕1↕[0,0]↕[366,366]↕1↕chuan63↕↕chuan63↕chuan63↕[0,-20]↕0.8↕366↕⋚
469↕巡洋舰↕64↕1↕科技船↕[9,9,9,10,10]↕[10,10,11,11,12]↕9↕76↕1↕18640↕144↕1↕[0,0]↕[555,555]↕1↕chuan64↕↕chuan64↕chuan64↕[0,-30]↕0.7↕555↕⋚
470↕炼油船↕65↕1↕科技船↕[9,9,9,10,10]↕[10,10,11,11,12]↕9↕77↕1↕18680↕146↕1↕[0,0]↕[477,477]↕1↕chuan65↕↕chuan65↕chuan65↕[0,-30]↕0.7↕477↕⋚
471↕小型游艇↕66↕2↕娱乐船↕[9,9,9,10,10]↕[10,10,11,11,12]↕9↕78↕1↕18720↕148↕1↕[0,0]↕[555,555]↕1↕chuan66↕↕chuan66↕chuan66↕[0,-30]↕0.6↕555↕⋚
472↕娱乐船↕67↕2↕娱乐船↕[9,9,9,10,10]↕[10,10,11,11,12]↕9↕79↕1↕18760↕150↕1↕[0,0]↕[480,480]↕1↕chuan67↕↕chuan67↕chuan67↕[0,-20]↕0.8↕480↕⋚
473↕紧急避难船↕68↕4↕生活船↕[9,9,9,10,10]↕[10,10,11,11,12]↕9↕80↕1↕18800↕152↕1↕[0,0]↕[450,450]↕1↕chuan68↕↕chuan68↕chuan68↕[0,-20]↕0.8↕450↕⋚
474↕远程游艇↕69↕2↕娱乐船↕[9,9,9,10,10]↕[10,10,11,11,12]↕9↕81↕1↕18840↕153↕1↕[0,0]↕[500,500]↕1↕chuan69↕↕chuan69↕chuan69↕[0,-20]↕0.7↕500↕⋚
475↕划桨观光船↕70↕2↕娱乐船↕[9,9,9,10,10]↕[10,10,11,11,12]↕9↕82↕1↕18880↕155↕1↕[0,0]↕[333,333]↕1↕chuan70Move↕↕chuan70Idle↕chuan70Move↕[0,0]↕0.9↕333↕⋚
476↕双人游艇↕71↕2↕娱乐船↕[9,9,9,10,10]↕[10,10,11,11,12]↕9↕83↕1↕18920↕157↕1↕[0,0]↕[333,333]↕1↕chuan71Move↕↕chuan71Idle↕chuan71Move↕[0,0]↕0.9↕333↕⋚
477↕风帆↕72↕2↕娱乐船↕[9,9,9,10,10]↕[10,10,11,11,12]↕9↕84↕1↕18960↕159↕1↕[0,0]↕[333,333]↕1↕chuan72Move↕↕chuan72Idle↕chuan72Move↕[-20,20]↕0.8↕333↕⋚
478↕冲浪帆↕73↕2↕娱乐船↕[9,9,9,10,10]↕[10,10,11,11,12]↕9↕85↕1↕19000↕161↕1↕[0,0]↕[333,333]↕1↕chuan73Move↕↕chuan73Idle↕chuan73Move↕[-20,20]↕0.8↕333↕⋚
479↕景区咖啡船↕74↕2↕娱乐船↕[9,9,9,10,10]↕[10,10,11,11,12]↕9↕86↕1↕19040↕163↕1↕[0,0]↕[333,333]↕1↕chuan74Move↕↕chuan74Idle↕chuan74Move↕[0,20]↕0.6↕333↕⋚
480↕单人皮划船↕75↕2↕娱乐船↕[9,9,9,10,10]↕[10,10,11,11,12]↕9↕87↕1↕19080↕165↕1↕[0,0]↕[333,333]↕1↕chuan75Move↕↕chuan75Idle↕chuan75Move↕[-20,-30]↕0.75↕333↕⋚
481↕双人脚踏船↕76↕2↕娱乐船↕[9,9,9,10,10]↕[10,10,11,11,12]↕9↕88↕1↕19120↕167↕1↕[0,0]↕[333,333]↕1↕chuan76Move↕↕chuan76Idle↕chuan76Move↕[-20,0]↕0.8↕333↕⋚
482↕景区观光船↕77↕2↕娱乐船↕[9,9,9,10,10]↕[10,10,11,11,12]↕9↕89↕1↕19160↕169↕1↕[0,0]↕[333,333]↕1↕chuan77Move↕↕chuan77Idle↕chuan77Move↕[-20,0]↕0.8↕333↕⋚
483↕卡车船↕78↕2↕娱乐船↕[9,9,9,10,10]↕[10,10,11,11,12]↕9↕90↕1↕19200↕171↕1↕[0,0]↕[360,360]↕1↕chuan78Move↕↕chuan78Idle↕chuan78Move↕[-10,-30]↕0.8↕360↕⋚
484↕家庭游轮↕79↕2↕娱乐船↕[9,9,9,10,10]↕[10,10,11,11,12]↕9↕91↕1↕19240↕172↕1↕[0,0]↕[400,400]↕1↕chuan79Move↕↕chuan79Idle↕chuan79Move↕[0,-30]↕0.8↕400↕⋚
485↕母子皮伐圈↕80↕2↕娱乐船↕[9,9,9,10,10]↕[10,10,11,11,12]↕9↕92↕1↕19280↕174↕1↕[0,0]↕[333,333]↕1↕chuan80↕↕chuan80↕chuan80↕[0,-10]↕0.8↕333↕⋚
486↕信号接收船↕81↕1↕科技船↕[9,9,9,10,10]↕[10,10,11,11,12]↕9↕93↕1↕19320↕176↕1↕[0,0]↕[400,400]↕1↕chuan81Move↕↕chuan81Idle↕chuan81Move↕[-10,20]↕0.8↕400↕⋚
487↕捕鱼船↕1↕4↕生活船↕[9,9,9,10,10]↕[10,10,11,11,12]↕9↕94↕1↕19360↕178↕1↕[0,0]↕[300,300]↕1↕chuan1↕↕chuan1↕chuan1↕[0,-20]↕1.1↕300↕⋚
488↕货轮↕2↕3↕运输船↕[9,9,9,10,10]↕[10,10,11,11,12]↕9↕95↕1↕19400↕180↕1↕[0,0]↕[370,370]↕1↕chuan2↕↕chuan2↕chuan2↕[20,0]↕1.1↕370↕⋚
489↕小皮筏↕27↕2↕娱乐船↕[9,9,9,10,10]↕[10,10,11,11,12]↕9↕96↕1↕19440↕182↕1↕[0,0]↕[350,350]↕1↕chuan27↕↕chuan27↕chuan27↕[-20,-30]↕0.48↕350↕⋚
490↕小竹排↕4↕4↕生活船↕[9,9,9,10,10]↕[10,10,11,11,12]↕9↕97↕1↕19480↕184↕1↕[0,0]↕[460,460]↕1↕chuan4Move↕↕chuan4Idle↕chuan4Move↕[0,0]↕0.385↕460↕⋚
491↕货运船↕5↕3↕运输船↕[9,9,9,10,10]↕[10,10,11,11,12]↕9↕98↕1↕19520↕186↕1↕[0,0]↕[540,540]↕1↕chuan5↕↕chuan5↕chuan5↕[0,-20]↕0.77↕540↕⋚
492↕鲁滨逊漂流↕6↕4↕生活船↕[9,9,9,10,10]↕[10,10,11,11,12]↕9↕58↕1↕19560↕110↕1↕[0,0]↕[234,234]↕1↕chuan6Move↕↕chuan6Idle↕chuan6Move↕[20,-10]↕0.77↕234↕⋚
493↕木船↕7↕4↕生活船↕[9,9,9,10,10]↕[10,10,11,11,12]↕9↕59↕1↕19600↕112↕1↕[0,0]↕[300,300]↕1↕chuan7↕↕chuan7↕chuan7↕[0,0]↕1.1↕300↕⋚
494↕潜水艇↕8↕1↕科技船↕[9,9,9,10,10]↕[10,10,11,11,12]↕9↕60↕1↕19640↕114↕1↕[0,0]↕[354,354]↕1↕chuan8Move↕chuan8qiehuan↕chuan8Ilde↕chuan8Ilde↕[-10,-10]↕1.1↕354↕⋚
495↕载佛船↕9↕3↕运输船↕[9,9,9,10,10]↕[10,10,11,11,12]↕9↕61↕1↕19680↕115↕1↕[0,0]↕[270,270]↕0↕ship9↕↕ship9↕ship9↕[0,-20]↕0.935↕270↕⋚
496↕礼物船↕10↕3↕运输船↕[9,9,9,10,10]↕[10,10,11,11,12]↕9↕62↕1↕19720↕117↕1↕[0,0]↕[335,335]↕0↕ship10↕↕ship10↕ship10↕[20,0]↕1.1↕335↕⋚
497↕挖机水上漂↕11↕1↕科技船↕[9,9,9,10,10]↕[10,10,11,11,12]↕9↕63↕1↕19760↕119↕1↕[0,0]↕[360,360]↕0↕ship11↕↕shipIdle11↕ship11↕[-20,-60]↕0.77↕360↕⋚
498↕路飞钓鱼↕12↕4↕生活船↕[9,9,9,10,10]↕[10,10,11,11,12]↕9↕64↕1↕19800↕121↕1↕[0,0]↕[225,225]↕1↕chuan12↕↕chuan12↕chuan12↕[10,0]↕0.77↕225↕⋚
499↕运车船↕13↕3↕运输船↕[9,9,9,10,10]↕[10,10,11,11,12]↕9↕65↕1↕19840↕123↕1↕[0,0]↕[500,500]↕1↕chuan13↕↕chuan13↕chuan13↕[0,0]↕0.9↕500↕⋚
500↕游轮↕14↕2↕娱乐船↕[9,9,9,10,10]↕[10,10,11,11,12]↕9↕66↕1↕19880↕125↕1↕[0,0]↕[340,340]↕1↕chuan14↕↕chuan14↕chuan14↕[20,-10]↕1.2↕340↕⋚
501↕破冰船↕15↕1↕科技船↕[9,9,9,10,10]↕[10,10,11,11,12]↕9↕67↕1↕19920↕127↕1↕[0,0]↕[500,500]↕1↕chuan15↕↕chuan15↕chuan15↕[0,-30]↕0.72↕500↕⋚
502↕豪华游轮↕16↕2↕娱乐船↕[9,9,9,10,10]↕[10,10,11,11,12]↕9↕68↕1↕19960↕129↕1↕[0,0]↕[500,500]↕1↕chuan16↕↕chuan16↕chuan16↕[0,-30]↕0.9↕500↕⋚
503↕帆船↕17↕2↕娱乐船↕[9,9,9,10,10]↕[10,10,11,11,12]↕9↕69↕1↕20000↕131↕1↕[0,0]↕[460,460]↕1↕chuan17↕↕chuan17↕chuan17↕[0,0]↕0.54↕460↕⋚
504↕运菜船↕18↕2↕娱乐船↕[9,9,9,10,10]↕[10,10,11,11,12]↕9↕70↕1↕20040↕133↕1↕[0,0]↕[500,500]↕1↕chuan18↕↕chuan18↕chuan18↕[0,-20]↕0.72↕500↕⋚
505↕香蕉船↕19↕3↕运输船↕[9,9,9,10,10]↕[10,10,11,11,12]↕9↕71↕1↕20080↕134↕1↕[0,0]↕[400,400]↕1↕chuan19↕↕chuan19↕chuan19↕[0,-20]↕0.72↕400↕⋚
506↕榴莲船↕20↕3↕运输船↕[9,9,9,10,10]↕[10,10,11,11,12]↕9↕72↕1↕20120↕136↕1↕[0,0]↕[420,420]↕1↕chuan20↕↕chuan20↕chuan20↕[0,-20]↕0.96↕420↕⋚
507↕小游艇↕21↕2↕娱乐船↕[9,9,9,10,10]↕[10,10,11,11,12]↕9↕73↕1↕20160↕138↕1↕[0,0]↕[460,460]↕1↕chuan21↕↕chuan21↕chuan21↕[0,-20]↕0.9↕460↕⋚
508↕轰趴船↕22↕2↕娱乐船↕[9,9,9,10,10]↕[10,10,11,11,12]↕9↕74↕1↕20200↕140↕1↕[0,0]↕[460,460]↕1↕chuan22↕↕chuan22↕chuan22↕[0,-30]↕0.84↕460↕⋚
509↕运木船↕23↕3↕运输船↕[9,9,9,10,10]↕[10,10,11,11,12]↕9↕75↕1↕20240↕142↕1↕[0,0]↕[420,420]↕1↕chuan23↕↕chuan23↕chuan23↕[0,-30]↕1.02↕420↕⋚
510↕勘探船↕24↕1↕科技船↕[9,9,9,10,10]↕[10,10,11,11,12]↕9↕76↕1↕20280↕144↕1↕[0,0]↕[430,430]↕1↕chuan24↕↕chuan24↕chuan24↕[-40,40]↕0.66↕430↕⋚
511↕打捞船↕25↕1↕科技船↕[9,9,9,10,10]↕[10,10,11,11,12]↕9↕77↕1↕20320↕146↕1↕[0,0]↕[500,500]↕1↕chuan25↕↕chuan25↕chuan25↕[0,40]↕0.84↕500↕⋚
512↕急救船↕26↕1↕科技船↕[9,9,9,10,10]↕[10,10,11,11,12]↕9↕78↕1↕20360↕148↕1↕[0,0]↕[430,430]↕1↕chuan26↕↕chuan26↕chuan26↕[0,-30]↕0.9↕430↕⋚
513↕皮筏艇↕27↕4↕生活船↕[9,9,9,10,10]↕[10,10,11,11,12]↕9↕79↕1↕20400↕150↕1↕[0,0]↕[350,350]↕1↕chuan27↕↕chuan27↕chuan27↕[-20,-30]↕0.48↕350↕⋚
514↕双人快艇↕28↕2↕娱乐船↕[9,9,9,10,10]↕[10,10,11,11,12]↕9↕80↕1↕20440↕152↕1↕[0,0]↕[440,440]↕1↕chuan28↕↕chuan28↕chuan28↕[-20,-30]↕0.78↕440↕⋚
515↕桥墩船↕29↕3↕运输船↕[9,9,9,10,10]↕[10,10,11,11,12]↕9↕81↕1↕20480↕153↕1↕[0,0]↕[500,500]↕1↕chuan29↕↕chuan29↕chuan29↕[0,0]↕0.9↕500↕⋚
516↕航空母舰↕30↕1↕科技船↕[9,9,9,10,10]↕[10,10,11,11,12]↕9↕82↕1↕20520↕155↕1↕[0,0]↕[550,550]↕1↕chuan30↕↕chuan30↕chuan30↕[10,-10]↕0.87↕550↕⋚
517↕油轮↕31↕2↕娱乐船↕[9,9,9,10,10]↕[10,10,11,11,12]↕9↕83↕1↕20560↕157↕1↕[0,0]↕[450,450]↕1↕chuan31↕↕chuan31↕chuan31↕[0,0]↕0.8↕450↕⋚
518↕货轮↕32↕2↕娱乐船↕[9,9,9,10,10]↕[10,10,11,11,12]↕9↕84↕1↕20600↕159↕1↕[0,0]↕[460,460]↕1↕chuan32↕↕chuan32↕chuan32↕[0,0]↕0.8↕460↕⋚
519↕造浪船↕33↕1↕科技船↕[9,9,9,10,10]↕[10,10,11,11,12]↕9↕85↕1↕20640↕161↕1↕[0,0]↕[460,460]↕1↕chuan33↕↕chuan33↕chuan33↕[0,-20]↕0.8↕460↕⋚
520↕牵引船↕34↕1↕科技船↕[9,9,9,10,10]↕[10,10,11,11,12]↕9↕86↕1↕20680↕163↕1↕[0,0]↕[500,500]↕1↕chuan34↕↕chuan34↕chuan34↕[0,-20]↕0.65↕500↕⋚
521↕起重船↕35↕1↕科技船↕[9,9,9,10,10]↕[10,10,11,11,12]↕9↕87↕1↕20720↕165↕1↕[0,0]↕[480,480]↕1↕chuan35↕↕chuan35↕chuan35↕[0,-20]↕0.8↕480↕⋚
522↕水质检测船↕36↕1↕科技船↕[9,9,9,10,10]↕[10,10,11,11,12]↕9↕88↕1↕20760↕167↕1↕[0,0]↕[500,500]↕1↕chuan36↕↕chuan36↕chuan36↕[0,-20]↕0.66↕500↕⋚
523↕探索船↕37↕1↕科技船↕[9,9,9,10,10]↕[10,10,11,11,12]↕9↕89↕1↕20800↕169↕1↕[0,0]↕[478,478]↕1↕chuan37↕↕chuan37↕chuan37↕[0,-20]↕0.8↕478↕⋚
524↕矿物勘探船↕38↕1↕科技船↕[9,9,9,10,10]↕[10,10,11,11,12]↕9↕90↕1↕20840↕171↕1↕[0,0]↕[500,500]↕1↕chuan38↕↕chuan38↕chuan38↕[0,-20]↕0.7↕500↕⋚
525↕海洋考察船↕39↕1↕科技船↕[9,9,9,10,10]↕[10,10,11,11,12]↕9↕91↕1↕20880↕172↕1↕[0,0]↕[500,500]↕1↕chuan39↕↕chuan39↕chuan39↕[0,-20]↕0.7↕500↕⋚
526↕排水船↕40↕1↕科技船↕[9,9,9,10,10]↕[10,10,11,11,12]↕9↕92↕1↕20920↕174↕1↕[0,0]↕[600,600]↕1↕chuan40↕↕chuan40↕chuan40↕[0,-30]↕0.55↕600↕⋚
527↕探险者↕41↕1↕科技船↕[9,9,9,10,10]↕[10,10,11,11,12]↕9↕93↕1↕20960↕176↕1↕[0,0]↕[600,600]↕1↕chuan41↕↕chuan41↕chuan41↕[0,-20]↕0.6↕600↕⋚
528↕航洋绘测船↕42↕1↕科技船↕[9,9,9,10,10]↕[10,10,11,11,12]↕9↕94↕1↕21000↕178↕1↕[0,0]↕[500,500]↕1↕chuan42↕↕chuan42↕chuan42↕[0,-30]↕0.6↕500↕⋚
529↕卫星通讯船↕43↕1↕科技船↕[9,9,9,10,10]↕[10,10,11,11,12]↕9↕95↕1↕21040↕180↕1↕[0,0]↕[600,600]↕1↕chuan43↕↕chuan43↕chuan43↕[0,-20]↕0.6↕600↕⋚
530↕物流船↕44↕3↕运输船↕[9,9,9,10,10]↕[10,10,11,11,12]↕9↕96↕1↕21080↕182↕1↕[0,0]↕[600,600]↕1↕chuan44↕↕chuan44↕chuan44↕[0,-20]↕0.65↕600↕⋚
531↕运瓜船↕45↕3↕运输船↕[9,9,9,10,10]↕[10,10,11,11,12]↕9↕97↕1↕21120↕184↕1↕[0,0]↕[380,380]↕1↕chuan45↕↕chuan45↕chuan45↕[0,-20]↕0.8↕380↕⋚
532↕商贸船↕46↕3↕运输船↕[9,9,9,10,10]↕[10,10,11,11,12]↕9↕98↕1↕21160↕186↕1↕[0,0]↕[380,380]↕1↕chuan46↕↕chuan46↕chuan46↕[0,-20]↕0.8↕380↕⋚
533↕木板船↕47↕4↕生活船↕[9,9,9,10,10]↕[10,10,11,11,12]↕9↕58↕1↕21200↕110↕1↕[0,0]↕[550,550]↕1↕chuan47↕↕chuan47↕chuan47↕[0,-20]↕0.65↕550↕⋚
534↕线缆运输船↕48↕3↕运输船↕[9,9,9,10,10]↕[10,10,11,11,12]↕9↕59↕1↕21240↕112↕1↕[0,0]↕[600,600]↕1↕chuan48↕↕chuan48↕chuan48↕[0,-20]↕0.65↕600↕⋚
535↕果农船↕49↕3↕运输船↕[9,9,9,10,10]↕[10,10,11,11,12]↕9↕60↕1↕21280↕114↕1↕[0,0]↕[450,450]↕1↕chuan49↕↕chuan49↕chuan49↕[0,-20]↕0.8↕450↕⋚
536↕观光船↕50↕2↕娱乐船↕[9,9,9,10,10]↕[10,10,11,11,12]↕9↕61↕1↕21320↕115↕1↕[0,0]↕[450,450]↕1↕chuan50↕↕chuan50↕chuan50↕[0,-20]↕0.8↕450↕⋚
537↕捕鱼船↕51↕4↕生活船↕[9,9,9,10,10]↕[10,10,11,11,12]↕9↕62↕1↕21360↕117↕1↕[0,0]↕[500,500]↕1↕chuan51↕↕chuan51↕chuan51↕[0,-20]↕0.7↕500↕⋚
538↕海上露营船↕52↕2↕娱乐船↕[9,9,9,10,10]↕[10,10,11,11,12]↕9↕63↕1↕21400↕119↕1↕[0,0]↕[600,600]↕1↕chuan52↕↕chuan52↕chuan52↕[0,-20]↕0.55↕600↕⋚
539↕电力作业船↕53↕4↕生活船↕[9,9,9,10,10]↕[10,10,11,11,12]↕9↕64↕1↕21440↕121↕1↕[0,0]↕[555,555]↕1↕chuan53↕↕chuan53↕chuan53↕[0,-20]↕0.7↕555↕⋚
540↕肥料运输船↕54↕3↕运输船↕[9,9,9,10,10]↕[10,10,11,11,12]↕9↕65↕1↕21480↕123↕1↕[0,0]↕[555,555]↕1↕chuan54↕↕chuan54↕chuan54↕[0,-20]↕0.7↕555↕⋚
541↕补油船↕55↕4↕生活船↕[9,9,9,10,10]↕[10,10,11,11,12]↕9↕66↕1↕21520↕125↕1↕[0,0]↕[555,555]↕1↕chuan55↕↕chuan55↕chuan55↕[0,-20]↕0.7↕555↕⋚
542↕物资调配船↕56↕4↕生活船↕[9,9,9,10,10]↕[10,10,11,11,12]↕9↕67↕1↕21560↕127↕1↕[0,0]↕[555,555]↕1↕chuan56↕↕chuan56↕chuan56↕[0,-20]↕0.7↕555↕⋚
543↕远洋游轮舰↕57↕2↕娱乐船↕[9,9,9,10,10]↕[10,10,11,11,12]↕9↕68↕1↕21600↕129↕1↕[0,0]↕[555,555]↕1↕chuan57↕↕chuan57↕chuan57↕[0,-20]↕0.7↕555↕⋚
544↕小型渡江船↕58↕4↕生活船↕[9,9,9,10,10]↕[10,10,11,11,12]↕9↕69↕1↕21640↕131↕1↕[0,0]↕[480,480]↕1↕chuan58↕↕chuan58↕chuan58↕[0,-20]↕0.65↕480↕⋚
545↕巡河船↕59↕4↕生活船↕[9,9,9,10,10]↕[10,10,11,11,12]↕9↕70↕1↕21680↕133↕1↕[0,0]↕[480,480]↕1↕chuan59↕↕chuan59↕chuan59↕[0,-20]↕0.65↕480↕⋚
546↕救援船↕60↕1↕科技船↕[9,9,9,10,10]↕[10,10,11,11,12]↕9↕71↕1↕21720↕134↕1↕[0,0]↕[480,480]↕1↕chuan60↕↕chuan60↕chuan60↕[0,-20]↕0.65↕480↕⋚
547↕信号增强船↕61↕1↕科技船↕[9,9,9,10,10]↕[10,10,11,11,12]↕9↕72↕1↕21760↕136↕1↕[0,0]↕[480,480]↕1↕chuan61↕↕chuan61↕chuan61↕[0,-20]↕0.8↕480↕⋚
548↕海面观光船↕62↕2↕娱乐船↕[9,9,9,10,10]↕[10,10,11,11,12]↕9↕73↕1↕21800↕138↕1↕[0,0]↕[444,444]↕1↕chuan62↕↕chuan62↕chuan62↕[0,-20]↕0.8↕444↕⋚
549↕除藻船↕63↕4↕生活船↕[9,9,9,10,10]↕[10,10,11,11,12]↕9↕74↕1↕21840↕140↕1↕[0,0]↕[366,366]↕1↕chuan63↕↕chuan63↕chuan63↕[0,-20]↕0.8↕366↕⋚
550↕巡洋舰↕64↕1↕科技船↕[9,9,9,10,10]↕[10,10,11,11,12]↕9↕75↕1↕21880↕142↕1↕[0,0]↕[555,555]↕1↕chuan64↕↕chuan64↕chuan64↕[0,-30]↕0.7↕555↕⋚
551↕炼油船↕65↕1↕科技船↕[9,9,9,10,10]↕[10,10,11,11,12]↕9↕76↕1↕21920↕144↕1↕[0,0]↕[477,477]↕1↕chuan65↕↕chuan65↕chuan65↕[0,-30]↕0.7↕477↕⋚
552↕小型游艇↕66↕2↕娱乐船↕[9,9,9,10,10]↕[10,10,11,11,12]↕9↕77↕1↕21960↕146↕1↕[0,0]↕[555,555]↕1↕chuan66↕↕chuan66↕chuan66↕[0,-30]↕0.6↕555↕⋚
553↕娱乐船↕67↕2↕娱乐船↕[9,9,9,10,10]↕[10,10,11,11,12]↕9↕78↕1↕22000↕148↕1↕[0,0]↕[480,480]↕1↕chuan67↕↕chuan67↕chuan67↕[0,-20]↕0.8↕480↕⋚
554↕紧急避难船↕68↕4↕生活船↕[9,9,9,10,10]↕[10,10,11,11,12]↕9↕79↕1↕22040↕150↕1↕[0,0]↕[450,450]↕1↕chuan68↕↕chuan68↕chuan68↕[0,-20]↕0.8↕450↕⋚
555↕远程游艇↕69↕2↕娱乐船↕[9,9,9,10,10]↕[10,10,11,11,12]↕9↕80↕1↕22080↕152↕1↕[0,0]↕[500,500]↕1↕chuan69↕↕chuan69↕chuan69↕[0,-20]↕0.7↕500↕⋚
556↕划桨观光船↕70↕2↕娱乐船↕[9,9,9,10,10]↕[10,10,11,11,12]↕9↕81↕1↕22120↕153↕1↕[0,0]↕[333,333]↕1↕chuan70Move↕↕chuan70Idle↕chuan70Move↕[0,0]↕0.9↕333↕⋚
557↕双人游艇↕71↕2↕娱乐船↕[9,9,9,10,10]↕[10,10,11,11,12]↕9↕82↕1↕22160↕155↕1↕[0,0]↕[333,333]↕1↕chuan71Move↕↕chuan71Idle↕chuan71Move↕[0,0]↕0.9↕333↕⋚
558↕风帆↕72↕2↕娱乐船↕[9,9,9,10,10]↕[10,10,11,11,12]↕9↕83↕1↕22200↕157↕1↕[0,0]↕[333,333]↕1↕chuan72Move↕↕chuan72Idle↕chuan72Move↕[-20,20]↕0.8↕333↕⋚
559↕冲浪帆↕73↕2↕娱乐船↕[9,9,9,10,10]↕[10,10,11,11,12]↕9↕84↕1↕22240↕159↕1↕[0,0]↕[333,333]↕1↕chuan73Move↕↕chuan73Idle↕chuan73Move↕[-20,20]↕0.8↕333↕⋚
560↕景区咖啡船↕74↕2↕娱乐船↕[9,9,9,10,10]↕[10,10,11,11,12]↕9↕85↕1↕22280↕161↕1↕[0,0]↕[333,333]↕1↕chuan74Move↕↕chuan74Idle↕chuan74Move↕[0,20]↕0.6↕333↕⋚
561↕单人皮划船↕75↕2↕娱乐船↕[9,9,9,10,10]↕[10,10,11,11,12]↕9↕86↕1↕22320↕163↕1↕[0,0]↕[333,333]↕1↕chuan75Move↕↕chuan75Idle↕chuan75Move↕[-20,-30]↕0.75↕333↕⋚
562↕双人脚踏船↕76↕2↕娱乐船↕[9,9,9,10,10]↕[10,10,11,11,12]↕9↕87↕1↕22360↕165↕1↕[0,0]↕[333,333]↕1↕chuan76Move↕↕chuan76Idle↕chuan76Move↕[-20,0]↕0.8↕333↕⋚
563↕景区观光船↕77↕2↕娱乐船↕[9,9,9,10,10]↕[10,10,11,11,12]↕9↕88↕1↕22400↕167↕1↕[0,0]↕[333,333]↕1↕chuan77Move↕↕chuan77Idle↕chuan77Move↕[-20,0]↕0.8↕333↕⋚
564↕卡车船↕78↕2↕娱乐船↕[9,9,9,10,10]↕[10,10,11,11,12]↕9↕89↕1↕22440↕169↕1↕[0,0]↕[360,360]↕1↕chuan78Move↕↕chuan78Idle↕chuan78Move↕[-10,-30]↕0.8↕360↕⋚
565↕家庭游轮↕79↕2↕娱乐船↕[9,9,9,10,10]↕[10,10,11,11,12]↕9↕90↕1↕22480↕171↕1↕[0,0]↕[400,400]↕1↕chuan79Move↕↕chuan79Idle↕chuan79Move↕[0,-30]↕0.8↕400↕⋚
566↕母子皮伐圈↕80↕2↕娱乐船↕[9,9,9,10,10]↕[10,10,11,11,12]↕9↕91↕1↕22520↕172↕1↕[0,0]↕[333,333]↕1↕chuan80↕↕chuan80↕chuan80↕[0,-10]↕0.8↕333↕⋚
567↕信号接收船↕81↕1↕科技船↕[9,9,9,10,10]↕[10,10,11,11,12]↕9↕92↕1↕22560↕174↕1↕[0,0]↕[400,400]↕1↕chuan81Move↕↕chuan81Idle↕chuan81Move↕[-10,20]↕0.8↕400↕⋚
568↕捕鱼船↕1↕4↕生活船↕[9,9,9,10,10]↕[10,10,11,11,12]↕9↕93↕1↕22600↕176↕1↕[0,0]↕[300,300]↕1↕chuan1↕↕chuan1↕chuan1↕[0,-20]↕1.1↕300↕⋚
569↕货轮↕2↕3↕运输船↕[9,9,9,10,10]↕[10,10,11,11,12]↕9↕94↕1↕22640↕178↕1↕[0,0]↕[370,370]↕1↕chuan2↕↕chuan2↕chuan2↕[20,0]↕1.1↕370↕⋚
570↕小皮筏↕27↕2↕娱乐船↕[9,9,9,10,10]↕[10,10,11,11,12]↕9↕95↕1↕22680↕180↕1↕[0,0]↕[350,350]↕1↕chuan27↕↕chuan27↕chuan27↕[-20,-30]↕0.48↕350↕⋚
571↕小竹排↕4↕4↕生活船↕[9,9,9,10,10]↕[10,10,11,11,12]↕9↕96↕1↕22720↕182↕1↕[0,0]↕[460,460]↕1↕chuan4Move↕↕chuan4Idle↕chuan4Move↕[0,0]↕0.385↕460↕⋚
572↕货运船↕5↕3↕运输船↕[9,9,9,10,10]↕[10,10,11,11,12]↕9↕97↕1↕22760↕184↕1↕[0,0]↕[540,540]↕1↕chuan5↕↕chuan5↕chuan5↕[0,-20]↕0.77↕540↕⋚
573↕鲁滨逊漂流↕6↕4↕生活船↕[9,9,9,10,10]↕[10,10,11,11,12]↕9↕98↕1↕22800↕186↕1↕[0,0]↕[234,234]↕1↕chuan6Move↕↕chuan6Idle↕chuan6Move↕[20,-10]↕0.77↕234↕⋚
574↕木船↕7↕4↕生活船↕[9,9,9,10,10]↕[10,10,11,11,12]↕9↕58↕1↕22840↕110↕1↕[0,0]↕[300,300]↕1↕chuan7↕↕chuan7↕chuan7↕[0,0]↕1.1↕300↕⋚
575↕潜水艇↕8↕1↕科技船↕[9,9,9,10,10]↕[10,10,11,11,12]↕9↕59↕1↕22880↕112↕1↕[0,0]↕[354,354]↕1↕chuan8Move↕chuan8qiehuan↕chuan8Ilde↕chuan8Ilde↕[-10,-10]↕1.1↕354↕⋚
576↕载佛船↕9↕3↕运输船↕[9,9,9,10,10]↕[10,10,11,11,12]↕9↕60↕1↕22920↕114↕1↕[0,0]↕[270,270]↕0↕ship9↕↕ship9↕ship9↕[0,-20]↕0.935↕270↕⋚
577↕礼物船↕10↕3↕运输船↕[9,9,9,10,10]↕[10,10,11,11,12]↕9↕61↕1↕22960↕115↕1↕[0,0]↕[335,335]↕0↕ship10↕↕ship10↕ship10↕[20,0]↕1.1↕335↕⋚
578↕挖机水上漂↕11↕1↕科技船↕[9,9,9,10,10]↕[10,10,11,11,12]↕9↕62↕1↕23000↕117↕1↕[0,0]↕[360,360]↕0↕ship11↕↕shipIdle11↕ship11↕[-20,-60]↕0.77↕360↕⋚
579↕路飞钓鱼↕12↕4↕生活船↕[9,9,9,10,10]↕[10,10,11,11,12]↕9↕63↕1↕23040↕119↕1↕[0,0]↕[225,225]↕1↕chuan12↕↕chuan12↕chuan12↕[10,0]↕0.77↕225↕⋚
580↕运车船↕13↕3↕运输船↕[9,9,9,10,10]↕[10,10,11,11,12]↕9↕64↕1↕23080↕121↕1↕[0,0]↕[500,500]↕1↕chuan13↕↕chuan13↕chuan13↕[0,0]↕0.9↕500↕⋚
581↕游轮↕14↕2↕娱乐船↕[9,9,9,10,10]↕[10,10,11,11,12]↕9↕65↕1↕23120↕123↕1↕[0,0]↕[340,340]↕1↕chuan14↕↕chuan14↕chuan14↕[20,-10]↕1.2↕340↕⋚
582↕破冰船↕15↕1↕科技船↕[9,9,9,10,10]↕[10,10,11,11,12]↕9↕66↕1↕23160↕125↕1↕[0,0]↕[500,500]↕1↕chuan15↕↕chuan15↕chuan15↕[0,-30]↕0.72↕500↕⋚
583↕豪华游轮↕16↕2↕娱乐船↕[9,9,9,10,10]↕[10,10,11,11,12]↕9↕67↕1↕23200↕127↕1↕[0,0]↕[500,500]↕1↕chuan16↕↕chuan16↕chuan16↕[0,-30]↕0.9↕500↕⋚
584↕帆船↕17↕2↕娱乐船↕[9,9,9,10,10]↕[10,10,11,11,12]↕9↕68↕1↕23240↕129↕1↕[0,0]↕[460,460]↕1↕chuan17↕↕chuan17↕chuan17↕[0,0]↕0.54↕460↕⋚
585↕运菜船↕18↕2↕娱乐船↕[9,9,9,10,10]↕[10,10,11,11,12]↕9↕69↕1↕23280↕131↕1↕[0,0]↕[500,500]↕1↕chuan18↕↕chuan18↕chuan18↕[0,-20]↕0.72↕500↕⋚
586↕香蕉船↕19↕3↕运输船↕[9,9,9,10,10]↕[10,10,11,11,12]↕9↕70↕1↕23320↕133↕1↕[0,0]↕[400,400]↕1↕chuan19↕↕chuan19↕chuan19↕[0,-20]↕0.72↕400↕⋚
587↕榴莲船↕20↕3↕运输船↕[9,9,9,10,10]↕[10,10,11,11,12]↕9↕71↕1↕23360↕134↕1↕[0,0]↕[420,420]↕1↕chuan20↕↕chuan20↕chuan20↕[0,-20]↕0.96↕420↕⋚
588↕小游艇↕21↕2↕娱乐船↕[9,9,9,10,10]↕[10,10,11,11,12]↕9↕72↕1↕23400↕136↕1↕[0,0]↕[460,460]↕1↕chuan21↕↕chuan21↕chuan21↕[0,-20]↕0.9↕460↕⋚
589↕轰趴船↕22↕2↕娱乐船↕[9,9,9,10,10]↕[10,10,11,11,12]↕9↕73↕1↕23440↕138↕1↕[0,0]↕[460,460]↕1↕chuan22↕↕chuan22↕chuan22↕[0,-30]↕0.84↕460↕⋚
590↕运木船↕23↕3↕运输船↕[9,9,9,10,10]↕[10,10,11,11,12]↕9↕74↕1↕23480↕140↕1↕[0,0]↕[420,420]↕1↕chuan23↕↕chuan23↕chuan23↕[0,-30]↕1.02↕420↕⋚
591↕勘探船↕24↕1↕科技船↕[9,9,9,10,10]↕[10,10,11,11,12]↕9↕75↕1↕23520↕142↕1↕[0,0]↕[430,430]↕1↕chuan24↕↕chuan24↕chuan24↕[-40,40]↕0.66↕430↕⋚
592↕打捞船↕25↕1↕科技船↕[9,9,9,10,10]↕[10,10,11,11,12]↕9↕76↕1↕23560↕144↕1↕[0,0]↕[500,500]↕1↕chuan25↕↕chuan25↕chuan25↕[0,40]↕0.84↕500↕⋚
593↕急救船↕26↕1↕科技船↕[9,9,9,10,10]↕[10,10,11,11,12]↕9↕77↕1↕23600↕146↕1↕[0,0]↕[430,430]↕1↕chuan26↕↕chuan26↕chuan26↕[0,-30]↕0.9↕430↕⋚
594↕皮筏艇↕27↕4↕生活船↕[9,9,9,10,10]↕[10,10,11,11,12]↕9↕78↕1↕23640↕148↕1↕[0,0]↕[350,350]↕1↕chuan27↕↕chuan27↕chuan27↕[-20,-30]↕0.48↕350↕⋚
595↕双人快艇↕28↕2↕娱乐船↕[9,9,9,10,10]↕[10,10,11,11,12]↕9↕79↕1↕23680↕150↕1↕[0,0]↕[440,440]↕1↕chuan28↕↕chuan28↕chuan28↕[-20,-30]↕0.78↕440↕⋚
596↕桥墩船↕29↕3↕运输船↕[9,9,9,10,10]↕[10,10,11,11,12]↕9↕80↕1↕23720↕152↕1↕[0,0]↕[500,500]↕1↕chuan29↕↕chuan29↕chuan29↕[0,0]↕0.9↕500↕⋚
597↕航空母舰↕30↕1↕科技船↕[9,9,9,10,10]↕[10,10,11,11,12]↕9↕81↕1↕23760↕153↕1↕[0,0]↕[550,550]↕1↕chuan30↕↕chuan30↕chuan30↕[10,-10]↕0.87↕550↕⋚
598↕油轮↕31↕2↕娱乐船↕[9,9,9,10,10]↕[10,10,11,11,12]↕9↕82↕1↕23800↕155↕1↕[0,0]↕[450,450]↕1↕chuan31↕↕chuan31↕chuan31↕[0,0]↕0.8↕450↕⋚
599↕货轮↕32↕2↕娱乐船↕[9,9,9,10,10]↕[10,10,11,11,12]↕9↕83↕1↕23840↕157↕1↕[0,0]↕[460,460]↕1↕chuan32↕↕chuan32↕chuan32↕[0,0]↕0.8↕460↕⋚
600↕造浪船↕33↕1↕科技船↕[9,9,9,10,10]↕[10,10,11,11,12]↕9↕84↕1↕23880↕159↕1↕[0,0]↕[460,460]↕1↕chuan33↕↕chuan33↕chuan33↕[0,-20]↕0.8↕460↕⋚
601↕牵引船↕34↕1↕科技船↕[9,9,9,10,10]↕[10,10,11,11,12]↕9↕85↕1↕23920↕161↕1↕[0,0]↕[500,500]↕1↕chuan34↕↕chuan34↕chuan34↕[0,-20]↕0.65↕500↕⋚
602↕起重船↕35↕1↕科技船↕[9,9,9,10,10]↕[10,10,11,11,12]↕9↕86↕1↕23960↕163↕1↕[0,0]↕[480,480]↕1↕chuan35↕↕chuan35↕chuan35↕[0,-20]↕0.8↕480↕⋚
603↕水质检测船↕36↕1↕科技船↕[9,9,9,10,10]↕[10,10,11,11,12]↕9↕87↕1↕24000↕165↕1↕[0,0]↕[500,500]↕1↕chuan36↕↕chuan36↕chuan36↕[0,-20]↕0.66↕500↕⋚
604↕探索船↕37↕1↕科技船↕[9,9,9,10,10]↕[10,10,11,11,12]↕9↕88↕1↕24040↕167↕1↕[0,0]↕[478,478]↕1↕chuan37↕↕chuan37↕chuan37↕[0,-20]↕0.8↕478↕⋚
605↕矿物勘探船↕38↕1↕科技船↕[9,9,9,10,10]↕[10,10,11,11,12]↕9↕89↕1↕24080↕169↕1↕[0,0]↕[500,500]↕1↕chuan38↕↕chuan38↕chuan38↕[0,-20]↕0.7↕500↕⋚
606↕海洋考察船↕39↕1↕科技船↕[9,9,9,10,10]↕[10,10,11,11,12]↕9↕90↕1↕24120↕171↕1↕[0,0]↕[500,500]↕1↕chuan39↕↕chuan39↕chuan39↕[0,-20]↕0.7↕500↕⋚
607↕排水船↕40↕1↕科技船↕[9,9,9,10,10]↕[10,10,11,11,12]↕9↕91↕1↕24160↕172↕1↕[0,0]↕[600,600]↕1↕chuan40↕↕chuan40↕chuan40↕[0,-30]↕0.55↕600↕⋚
608↕探险者↕41↕1↕科技船↕[9,9,9,10,10]↕[10,10,11,11,12]↕9↕92↕1↕24200↕174↕1↕[0,0]↕[600,600]↕1↕chuan41↕↕chuan41↕chuan41↕[0,-20]↕0.6↕600↕⋚
609↕航洋绘测船↕42↕1↕科技船↕[9,9,9,10,10]↕[10,10,11,11,12]↕9↕93↕1↕24240↕176↕1↕[0,0]↕[500,500]↕1↕chuan42↕↕chuan42↕chuan42↕[0,-30]↕0.6↕500↕⋚
610↕卫星通讯船↕43↕1↕科技船↕[9,9,9,10,10]↕[10,10,11,11,12]↕9↕94↕1↕24280↕178↕1↕[0,0]↕[600,600]↕1↕chuan43↕↕chuan43↕chuan43↕[0,-20]↕0.6↕600↕⋚
611↕物流船↕44↕3↕运输船↕[9,9,9,10,10]↕[10,10,11,11,12]↕9↕95↕1↕24320↕180↕1↕[0,0]↕[600,600]↕1↕chuan44↕↕chuan44↕chuan44↕[0,-20]↕0.65↕600↕⋚
612↕运瓜船↕45↕3↕运输船↕[9,9,9,10,10]↕[10,10,11,11,12]↕9↕96↕1↕24360↕182↕1↕[0,0]↕[380,380]↕1↕chuan45↕↕chuan45↕chuan45↕[0,-20]↕0.8↕380↕⋚
613↕商贸船↕46↕3↕运输船↕[9,9,9,10,10]↕[10,10,11,11,12]↕9↕97↕1↕24400↕184↕1↕[0,0]↕[380,380]↕1↕chuan46↕↕chuan46↕chuan46↕[0,-20]↕0.8↕380↕⋚
614↕木板船↕47↕4↕生活船↕[9,9,9,10,10]↕[10,10,11,11,12]↕9↕98↕1↕24440↕186↕1↕[0,0]↕[550,550]↕1↕chuan47↕↕chuan47↕chuan47↕[0,-20]↕0.65↕550↕⋚
615↕线缆运输船↕48↕3↕运输船↕[9,9,9,10,10]↕[10,10,11,11,12]↕9↕58↕1↕24480↕110↕1↕[0,0]↕[600,600]↕1↕chuan48↕↕chuan48↕chuan48↕[0,-20]↕0.65↕600↕⋚
616↕果农船↕49↕3↕运输船↕[9,9,9,10,10]↕[10,10,11,11,12]↕9↕59↕1↕24520↕112↕1↕[0,0]↕[450,450]↕1↕chuan49↕↕chuan49↕chuan49↕[0,-20]↕0.8↕450↕⋚
617↕观光船↕50↕2↕娱乐船↕[9,9,9,10,10]↕[10,10,11,11,12]↕9↕60↕1↕24560↕114↕1↕[0,0]↕[450,450]↕1↕chuan50↕↕chuan50↕chuan50↕[0,-20]↕0.8↕450↕⋚
618↕捕鱼船↕51↕4↕生活船↕[9,9,9,10,10]↕[10,10,11,11,12]↕9↕61↕1↕24600↕115↕1↕[0,0]↕[500,500]↕1↕chuan51↕↕chuan51↕chuan51↕[0,-20]↕0.7↕500↕⋚
619↕海上露营船↕52↕2↕娱乐船↕[9,9,9,10,10]↕[10,10,11,11,12]↕9↕62↕1↕24640↕117↕1↕[0,0]↕[600,600]↕1↕chuan52↕↕chuan52↕chuan52↕[0,-20]↕0.55↕600↕⋚
620↕电力作业船↕53↕4↕生活船↕[9,9,9,10,10]↕[10,10,11,11,12]↕9↕63↕1↕24680↕119↕1↕[0,0]↕[555,555]↕1↕chuan53↕↕chuan53↕chuan53↕[0,-20]↕0.7↕555↕⋚
621↕肥料运输船↕54↕3↕运输船↕[9,9,9,10,10]↕[10,10,11,11,12]↕9↕64↕1↕24720↕121↕1↕[0,0]↕[555,555]↕1↕chuan54↕↕chuan54↕chuan54↕[0,-20]↕0.7↕555↕⋚
622↕补油船↕55↕4↕生活船↕[9,9,9,10,10]↕[10,10,11,11,12]↕9↕65↕1↕24760↕123↕1↕[0,0]↕[555,555]↕1↕chuan55↕↕chuan55↕chuan55↕[0,-20]↕0.7↕555↕⋚
623↕物资调配船↕56↕4↕生活船↕[9,9,9,10,10]↕[10,10,11,11,12]↕9↕66↕1↕24800↕125↕1↕[0,0]↕[555,555]↕1↕chuan56↕↕chuan56↕chuan56↕[0,-20]↕0.7↕555↕⋚
624↕远洋游轮舰↕57↕2↕娱乐船↕[9,9,9,10,10]↕[10,10,11,11,12]↕9↕67↕1↕24840↕127↕1↕[0,0]↕[555,555]↕1↕chuan57↕↕chuan57↕chuan57↕[0,-20]↕0.7↕555↕⋚
625↕小型渡江船↕58↕4↕生活船↕[9,9,9,10,10]↕[10,10,11,11,12]↕9↕68↕1↕24880↕129↕1↕[0,0]↕[480,480]↕1↕chuan58↕↕chuan58↕chuan58↕[0,-20]↕0.65↕480↕⋚
626↕巡河船↕59↕4↕生活船↕[9,9,9,10,10]↕[10,10,11,11,12]↕9↕69↕1↕24920↕131↕1↕[0,0]↕[480,480]↕1↕chuan59↕↕chuan59↕chuan59↕[0,-20]↕0.65↕480↕⋚
627↕救援船↕60↕1↕科技船↕[9,9,9,10,10]↕[10,10,11,11,12]↕9↕70↕1↕24960↕133↕1↕[0,0]↕[480,480]↕1↕chuan60↕↕chuan60↕chuan60↕[0,-20]↕0.65↕480↕⋚
628↕信号增强船↕61↕1↕科技船↕[9,9,9,10,10]↕[10,10,11,11,12]↕9↕71↕1↕25000↕134↕1↕[0,0]↕[480,480]↕1↕chuan61↕↕chuan61↕chuan61↕[0,-20]↕0.8↕480↕⋚
629↕海面观光船↕62↕2↕娱乐船↕[9,9,9,10,10]↕[10,10,11,11,12]↕9↕72↕1↕25040↕136↕1↕[0,0]↕[444,444]↕1↕chuan62↕↕chuan62↕chuan62↕[0,-20]↕0.8↕444↕⋚
630↕除藻船↕63↕4↕生活船↕[9,9,9,10,10]↕[10,10,11,11,12]↕9↕73↕1↕25080↕138↕1↕[0,0]↕[366,366]↕1↕chuan63↕↕chuan63↕chuan63↕[0,-20]↕0.8↕366↕⋚
631↕巡洋舰↕64↕1↕科技船↕[9,9,9,10,10]↕[10,10,11,11,12]↕9↕74↕1↕25120↕140↕1↕[0,0]↕[555,555]↕1↕chuan64↕↕chuan64↕chuan64↕[0,-30]↕0.7↕555↕⋚
632↕炼油船↕65↕1↕科技船↕[9,9,9,10,10]↕[10,10,11,11,12]↕9↕75↕1↕25160↕142↕1↕[0,0]↕[477,477]↕1↕chuan65↕↕chuan65↕chuan65↕[0,-30]↕0.7↕477↕⋚
633↕小型游艇↕66↕2↕娱乐船↕[9,9,9,10,10]↕[10,10,11,11,12]↕9↕76↕1↕25200↕144↕1↕[0,0]↕[555,555]↕1↕chuan66↕↕chuan66↕chuan66↕[0,-30]↕0.6↕555↕⋚
634↕娱乐船↕67↕2↕娱乐船↕[9,9,9,10,10]↕[10,10,11,11,12]↕9↕77↕1↕25240↕146↕1↕[0,0]↕[480,480]↕1↕chuan67↕↕chuan67↕chuan67↕[0,-20]↕0.8↕480↕⋚
635↕紧急避难船↕68↕4↕生活船↕[9,9,9,10,10]↕[10,10,11,11,12]↕9↕78↕1↕25280↕148↕1↕[0,0]↕[450,450]↕1↕chuan68↕↕chuan68↕chuan68↕[0,-20]↕0.8↕450↕⋚
636↕远程游艇↕69↕2↕娱乐船↕[9,9,9,10,10]↕[10,10,11,11,12]↕9↕79↕1↕25320↕150↕1↕[0,0]↕[500,500]↕1↕chuan69↕↕chuan69↕chuan69↕[0,-20]↕0.7↕500↕⋚
637↕划桨观光船↕70↕2↕娱乐船↕[9,9,9,10,10]↕[10,10,11,11,12]↕9↕80↕1↕25360↕152↕1↕[0,0]↕[333,333]↕1↕chuan70Move↕↕chuan70Idle↕chuan70Move↕[0,0]↕0.9↕333↕⋚
638↕双人游艇↕71↕2↕娱乐船↕[9,9,9,10,10]↕[10,10,11,11,12]↕9↕81↕1↕25400↕153↕1↕[0,0]↕[333,333]↕1↕chuan71Move↕↕chuan71Idle↕chuan71Move↕[0,0]↕0.9↕333↕⋚
639↕风帆↕72↕2↕娱乐船↕[9,9,9,10,10]↕[10,10,11,11,12]↕9↕82↕1↕25440↕155↕1↕[0,0]↕[333,333]↕1↕chuan72Move↕↕chuan72Idle↕chuan72Move↕[-20,20]↕0.8↕333↕⋚
640↕冲浪帆↕73↕2↕娱乐船↕[9,9,9,10,10]↕[10,10,11,11,12]↕9↕83↕1↕25480↕157↕1↕[0,0]↕[333,333]↕1↕chuan73Move↕↕chuan73Idle↕chuan73Move↕[-20,20]↕0.8↕333↕⋚
641↕景区咖啡船↕74↕2↕娱乐船↕[9,9,9,10,10]↕[10,10,11,11,12]↕9↕84↕1↕25520↕159↕1↕[0,0]↕[333,333]↕1↕chuan74Move↕↕chuan74Idle↕chuan74Move↕[0,20]↕0.6↕333↕⋚
642↕单人皮划船↕75↕2↕娱乐船↕[9,9,9,10,10]↕[10,10,11,11,12]↕9↕85↕1↕25560↕161↕1↕[0,0]↕[333,333]↕1↕chuan75Move↕↕chuan75Idle↕chuan75Move↕[-20,-30]↕0.75↕333↕⋚
643↕双人脚踏船↕76↕2↕娱乐船↕[9,9,9,10,10]↕[10,10,11,11,12]↕9↕86↕1↕25600↕163↕1↕[0,0]↕[333,333]↕1↕chuan76Move↕↕chuan76Idle↕chuan76Move↕[-20,0]↕0.8↕333↕⋚
644↕景区观光船↕77↕2↕娱乐船↕[9,9,9,10,10]↕[10,10,11,11,12]↕9↕87↕1↕25640↕165↕1↕[0,0]↕[333,333]↕1↕chuan77Move↕↕chuan77Idle↕chuan77Move↕[-20,0]↕0.8↕333↕⋚
645↕卡车船↕78↕2↕娱乐船↕[9,9,9,10,10]↕[10,10,11,11,12]↕9↕88↕1↕25680↕167↕1↕[0,0]↕[360,360]↕1↕chuan78Move↕↕chuan78Idle↕chuan78Move↕[-10,-30]↕0.8↕360↕⋚
646↕家庭游轮↕79↕2↕娱乐船↕[9,9,9,10,10]↕[10,10,11,11,12]↕9↕89↕1↕25720↕169↕1↕[0,0]↕[400,400]↕1↕chuan79Move↕↕chuan79Idle↕chuan79Move↕[0,-30]↕0.8↕400↕⋚
647↕母子皮伐圈↕80↕2↕娱乐船↕[9,9,9,10,10]↕[10,10,11,11,12]↕9↕90↕1↕25760↕171↕1↕[0,0]↕[333,333]↕1↕chuan80↕↕chuan80↕chuan80↕[0,-10]↕0.8↕333↕⋚
648↕信号接收船↕81↕1↕科技船↕[9,9,9,10,10]↕[10,10,11,11,12]↕9↕91↕1↕25800↕172↕1↕[0,0]↕[400,400]↕1↕chuan81Move↕↕chuan81Idle↕chuan81Move↕[-10,20]↕0.8↕400↕⋚
649↕捕鱼船↕1↕4↕生活船↕[9,9,9,10,10]↕[10,10,11,11,12]↕9↕92↕1↕25840↕174↕1↕[0,0]↕[300,300]↕1↕chuan1↕↕chuan1↕chuan1↕[0,-20]↕1.1↕300↕⋚
650↕货轮↕2↕3↕运输船↕[9,9,9,10,10]↕[10,10,11,11,12]↕9↕93↕1↕25880↕176↕1↕[0,0]↕[370,370]↕1↕chuan2↕↕chuan2↕chuan2↕[20,0]↕1.1↕370↕⋚
651↕小皮筏↕27↕2↕娱乐船↕[9,9,9,10,10]↕[10,10,11,11,12]↕9↕94↕1↕25920↕178↕1↕[0,0]↕[350,350]↕1↕chuan27↕↕chuan27↕chuan27↕[-20,-30]↕0.48↕350↕⋚
652↕小竹排↕4↕4↕生活船↕[9,9,9,10,10]↕[10,10,11,11,12]↕9↕95↕1↕25960↕180↕1↕[0,0]↕[460,460]↕1↕chuan4Move↕↕chuan4Idle↕chuan4Move↕[0,0]↕0.385↕460↕⋚
653↕货运船↕5↕3↕运输船↕[9,9,9,10,10]↕[10,10,11,11,12]↕9↕96↕1↕26000↕182↕1↕[0,0]↕[540,540]↕1↕chuan5↕↕chuan5↕chuan5↕[0,-20]↕0.77↕540↕⋚
654↕鲁滨逊漂流↕6↕4↕生活船↕[9,9,9,10,10]↕[10,10,11,11,12]↕9↕97↕1↕26040↕184↕1↕[0,0]↕[234,234]↕1↕chuan6Move↕↕chuan6Idle↕chuan6Move↕[20,-10]↕0.77↕234↕⋚
655↕木船↕7↕4↕生活船↕[9,9,9,10,10]↕[10,10,11,11,12]↕9↕98↕1↕26080↕186↕1↕[0,0]↕[300,300]↕1↕chuan7↕↕chuan7↕chuan7↕[0,0]↕1.1↕300↕⋚
656↕潜水艇↕8↕1↕科技船↕[9,9,9,10,10]↕[10,10,11,11,12]↕9↕58↕1↕26120↕110↕1↕[0,0]↕[354,354]↕1↕chuan8Move↕chuan8qiehuan↕chuan8Ilde↕chuan8Ilde↕[-10,-10]↕1.1↕354↕⋚
657↕载佛船↕9↕3↕运输船↕[9,9,9,10,10]↕[10,10,11,11,12]↕9↕59↕1↕26160↕112↕1↕[0,0]↕[270,270]↕0↕ship9↕↕ship9↕ship9↕[0,-20]↕0.935↕270↕⋚
658↕礼物船↕10↕3↕运输船↕[9,9,9,10,10]↕[10,10,11,11,12]↕9↕60↕1↕26200↕114↕1↕[0,0]↕[335,335]↕0↕ship10↕↕ship10↕ship10↕[20,0]↕1.1↕335↕⋚
659↕挖机水上漂↕11↕1↕科技船↕[9,9,9,10,10]↕[10,10,11,11,12]↕9↕61↕1↕26240↕115↕1↕[0,0]↕[360,360]↕0↕ship11↕↕shipIdle11↕ship11↕[-20,-60]↕0.77↕360↕⋚
660↕路飞钓鱼↕12↕4↕生活船↕[9,9,9,10,10]↕[10,10,11,11,12]↕9↕62↕1↕26280↕117↕1↕[0,0]↕[225,225]↕1↕chuan12↕↕chuan12↕chuan12↕[10,0]↕0.77↕225↕⋚
661↕运车船↕13↕3↕运输船↕[9,9,9,10,10]↕[10,10,11,11,12]↕9↕63↕1↕26320↕119↕1↕[0,0]↕[500,500]↕1↕chuan13↕↕chuan13↕chuan13↕[0,0]↕0.9↕500↕⋚
662↕游轮↕14↕2↕娱乐船↕[9,9,9,10,10]↕[10,10,11,11,12]↕9↕64↕1↕26360↕121↕1↕[0,0]↕[340,340]↕1↕chuan14↕↕chuan14↕chuan14↕[20,-10]↕1.2↕340↕⋚
663↕破冰船↕15↕1↕科技船↕[9,9,9,10,10]↕[10,10,11,11,12]↕9↕65↕1↕26400↕123↕1↕[0,0]↕[500,500]↕1↕chuan15↕↕chuan15↕chuan15↕[0,-30]↕0.72↕500↕⋚
664↕豪华游轮↕16↕2↕娱乐船↕[9,9,9,10,10]↕[10,10,11,11,12]↕9↕66↕1↕26440↕125↕1↕[0,0]↕[500,500]↕1↕chuan16↕↕chuan16↕chuan16↕[0,-30]↕0.9↕500↕⋚
665↕帆船↕17↕2↕娱乐船↕[9,9,9,10,10]↕[10,10,11,11,12]↕9↕67↕1↕26480↕127↕1↕[0,0]↕[460,460]↕1↕chuan17↕↕chuan17↕chuan17↕[0,0]↕0.54↕460↕⋚
666↕运菜船↕18↕2↕娱乐船↕[9,9,9,10,10]↕[10,10,11,11,12]↕9↕68↕1↕26520↕129↕1↕[0,0]↕[500,500]↕1↕chuan18↕↕chuan18↕chuan18↕[0,-20]↕0.72↕500↕⋚
667↕香蕉船↕19↕3↕运输船↕[9,9,9,10,10]↕[10,10,11,11,12]↕9↕69↕1↕26560↕131↕1↕[0,0]↕[400,400]↕1↕chuan19↕↕chuan19↕chuan19↕[0,-20]↕0.72↕400↕⋚
668↕榴莲船↕20↕3↕运输船↕[9,9,9,10,10]↕[10,10,11,11,12]↕9↕70↕1↕26600↕133↕1↕[0,0]↕[420,420]↕1↕chuan20↕↕chuan20↕chuan20↕[0,-20]↕0.96↕420↕⋚
669↕小游艇↕21↕2↕娱乐船↕[9,9,9,10,10]↕[10,10,11,11,12]↕9↕71↕1↕26640↕134↕1↕[0,0]↕[460,460]↕1↕chuan21↕↕chuan21↕chuan21↕[0,-20]↕0.9↕460↕⋚
670↕轰趴船↕22↕2↕娱乐船↕[9,9,9,10,10]↕[10,10,11,11,12]↕9↕72↕1↕26680↕136↕1↕[0,0]↕[460,460]↕1↕chuan22↕↕chuan22↕chuan22↕[0,-30]↕0.84↕460↕⋚
671↕运木船↕23↕3↕运输船↕[9,9,9,10,10]↕[10,10,11,11,12]↕9↕73↕1↕26720↕138↕1↕[0,0]↕[420,420]↕1↕chuan23↕↕chuan23↕chuan23↕[0,-30]↕1.02↕420↕⋚
672↕勘探船↕24↕1↕科技船↕[9,9,9,10,10]↕[10,10,11,11,12]↕9↕74↕1↕26760↕140↕1↕[0,0]↕[430,430]↕1↕chuan24↕↕chuan24↕chuan24↕[-40,40]↕0.66↕430↕⋚
673↕打捞船↕25↕1↕科技船↕[9,9,9,10,10]↕[10,10,11,11,12]↕9↕75↕1↕26800↕142↕1↕[0,0]↕[500,500]↕1↕chuan25↕↕chuan25↕chuan25↕[0,40]↕0.84↕500↕⋚
674↕急救船↕26↕1↕科技船↕[9,9,9,10,10]↕[10,10,11,11,12]↕9↕76↕1↕26840↕144↕1↕[0,0]↕[430,430]↕1↕chuan26↕↕chuan26↕chuan26↕[0,-30]↕0.9↕430↕⋚
675↕皮筏艇↕27↕4↕生活船↕[9,9,9,10,10]↕[10,10,11,11,12]↕9↕77↕1↕26880↕146↕1↕[0,0]↕[350,350]↕1↕chuan27↕↕chuan27↕chuan27↕[-20,-30]↕0.48↕350↕⋚
676↕双人快艇↕28↕2↕娱乐船↕[9,9,9,10,10]↕[10,10,11,11,12]↕9↕78↕1↕26920↕148↕1↕[0,0]↕[440,440]↕1↕chuan28↕↕chuan28↕chuan28↕[-20,-30]↕0.78↕440↕⋚
677↕桥墩船↕29↕3↕运输船↕[9,9,9,10,10]↕[10,10,11,11,12]↕9↕79↕1↕26960↕150↕1↕[0,0]↕[500,500]↕1↕chuan29↕↕chuan29↕chuan29↕[0,0]↕0.9↕500↕⋚
678↕航空母舰↕30↕1↕科技船↕[9,9,9,10,10]↕[10,10,11,11,12]↕9↕80↕1↕27000↕152↕1↕[0,0]↕[550,550]↕1↕chuan30↕↕chuan30↕chuan30↕[10,-10]↕0.87↕550↕⋚
679↕油轮↕31↕2↕娱乐船↕[9,9,9,10,10]↕[10,10,11,11,12]↕9↕81↕1↕27040↕153↕1↕[0,0]↕[450,450]↕1↕chuan31↕↕chuan31↕chuan31↕[0,0]↕0.8↕450↕⋚
680↕货轮↕32↕2↕娱乐船↕[9,9,9,10,10]↕[10,10,11,11,12]↕9↕82↕1↕27080↕155↕1↕[0,0]↕[460,460]↕1↕chuan32↕↕chuan32↕chuan32↕[0,0]↕0.8↕460↕⋚
681↕造浪船↕33↕1↕科技船↕[9,9,9,10,10]↕[10,10,11,11,12]↕9↕83↕1↕27120↕157↕1↕[0,0]↕[460,460]↕1↕chuan33↕↕chuan33↕chuan33↕[0,-20]↕0.8↕460↕⋚
701↕运输快艇↕701↕3↕运输船↕[2,2,2,3,3]↕[3,3,4,4,5]↕2↕18↕9↕80↕34↕1↕[0,0]↕[450,450]↕1↕chuan701↕↕chuan701↕chuan701↕[0,-10]↕1.2↕450↕1⋚
702↕小运输船↕702↕3↕运输船↕[2,2,2,3,3]↕[3,3,4,4,5]↕2↕20↕9↕160↕38↕1↕[0,0]↕[450,450]↕1↕chuan702↕↕chuan702↕chuan702↕[-20,-20]↕1.02↕450↕0.85⋚
703↕运输轮船↕703↕3↕运输船↕[2,2,2,3,3]↕[3,3,4,4,5]↕2↕25↕9↕240↕47↕1↕[0,0]↕[500,500]↕1↕chuan703↕↕chuan703↕chuan703↕[0,-20]↕1.02↕500↕0.85⋚
704↕运输巨轮↕704↕3↕运输船↕[2,2,2,3,3]↕[3,3,4,4,5]↕2↕15↕9↕320↕28↕1↕[0,0]↕[500,500]↕1↕chuan704↕↕chuan704↕chuan704↕[0,-10]↕0.9↕500↕0.75⋚
801↕小龙舟↕801↕2↕娱乐船↕[4,4,4,5,5]↕[5,5,6,6,7]↕4↕40↕2↕1000↕76↕1↕[0,0]↕[500,500]↕1↕chuan801↕↕chuan801Idle↕chuan801↕[0,0]↕0.6↕500↕0.5⋚
802↕龙舟↕802↕2↕娱乐船↕[5,5,5,6,6]↕[6,6,7,7,8]↕5↕50↕2↕1000↕95↕1↕[0,0]↕[600,600]↕1↕chuan802↕↕chuan802Idle↕chuan802↕[-10,0]↕0.6↕600↕0.5⋚
803↕赛龙舟↕803↕2↕娱乐船↕[8,8,8,9,9]↕[9,9,10,10,11]↕8↕80↕2↕1040↕152↕1↕[0,0]↕[770,770]↕1↕chuan803↕↕chuan803Idle↕chuan803↕[0,0]↕0.6↕770↕0.5⋚
901↕破游轮↕901↕3↕运输船↕[4,4,4,5,5]↕[5,5,6,6,7]↕4↕45↕3↕1080↕85↕1↕[0,0]↕[500,500]↕1↕chuan901↕↕chuan901↕chuan901↕[-40,-30]↕1.08↕500↕0.9⋚
902↕破货轮↕902↕3↕运输船↕[6,6,6,7,7]↕[7,7,8,8,9]↕6↕60↕3↕4440↕114↕1↕[0,0]↕[500,500]↕1↕chuan902↕↕chuan902↕chuan902↕[-30,-20]↕0.96↕500↕0.8⋚
903↕破吊船↕903↕1↕科技船↕[9,9,9,10,10]↕[10,10,11,11,12]↕9↕90↕3↕4480↕171↕1↕[0,0]↕[500,500]↕1↕chuan903↕↕chuan903↕chuan903↕[-30,75]↕0.96↕500↕0.8