1↕王大爷↕1↕5↕1↕1↕[2,2,2,2,2]↕[3,3,4,4,5]⋚
2↕王阿姨↕2↕45↕1↕2↕[2,2,2,2,2]↕[3,3,4,4,5]⋚
3↕村花婷婷↕3↕85↕1↕3↕[2,2,2,2,2]↕[3,3,4,4,5]⋚
4↕瑶瑶↕4↕125↕1↕4↕[2,2,2,2,2]↕[3,3,4,4,5]⋚
5↕李南↕5↕165↕1↕5↕[2,2,2,2,2]↕[3,3,4,4,5]⋚
6↕王小建↕6↕205↕1↕6↕[2,2,2,2,2]↕[3,3,4,4,5]⋚
7↕大壮↕7↕245↕1↕7↕[2,2,2,2,2]↕[3,3,4,4,5]⋚
8↕老铁↕8↕285↕1↕8↕[2,2,2,2,2]↕[3,3,4,4,5]⋚
9↕彤姐↕9↕325↕1↕9↕[2,2,2,2,2]↕[3,3,4,4,5]⋚
10↕工头↕10↕365↕1↕10↕[2,2,2,2,2]↕[3,3,4,4,5]⋚
11↕赵二狗↕11↕405↕1↕11↕[2,2,2,2,2]↕[3,3,4,4,5]⋚
12↕二妞↕12↕445↕1↕12↕[2,2,2,2,2]↕[3,3,4,4,5]⋚
13↕李姨↕13↕485↕1↕13↕[2,2,2,2,2]↕[3,3,4,4,5]⋚
14↕胖姨↕14↕525↕2↕1↕[2,2,2,2,2]↕[3,3,4,4,5]⋚
15↕潘秋花↕15↕565↕2↕2↕[2,2,2,2,2]↕[3,3,4,4,5]⋚
16↕钱二婶↕16↕605↕2↕3↕[2,2,2,2,2]↕[3,3,4,4,5]⋚
17↕王富贵↕17↕645↕2↕4↕[2,2,2,2,2]↕[3,3,4,4,5]⋚
18↕陈招娣↕18↕685↕2↕5↕[2,2,2,2,2]↕[3,3,4,4,5]⋚
19↕蛮叔↕19↕725↕2↕6↕[2,2,2,2,2]↕[3,3,4,4,5]⋚
20↕刘春花↕20↕765↕2↕7↕[2,2,2,2,2]↕[3,3,4,4,5]⋚
21↕老大爷↕1↕805↕2↕8↕[2,2,2,2,2]↕[3,3,4,4,5]⋚
22↕胖姨↕2↕845↕2↕9↕[2,2,2,2,2]↕[3,3,4,4,5]⋚
23↕花花↕3↕885↕2↕10↕[2,2,2,2,2]↕[3,3,4,4,5]⋚
24↕娜娜↕4↕925↕2↕11↕[2,2,2,2,2]↕[3,3,4,4,5]⋚
25↕冠军男↕5↕965↕2↕12↕[2,2,2,2,2]↕[3,3,4,4,5]⋚
26↕小刚↕6↕1005↕2↕13↕[2,2,2,2,2]↕[3,3,4,4,5]⋚
27↕李建国↕7↕1045↕3↕1↕[2,2,2,2,2]↕[3,3,4,4,5]⋚
28↕赵大哥↕8↕1085↕3↕2↕[2,2,2,2,2]↕[3,3,4,4,5]⋚
29↕李莉↕9↕1125↕3↕3↕[2,2,2,2,2]↕[3,3,4,4,5]⋚
30↕摩的哥↕10↕1165↕3↕4↕[2,2,2,2,2]↕[3,3,4,4,5]⋚
31↕狗蛋↕11↕1205↕3↕5↕[2,2,2,2,2]↕[3,3,4,4,5]⋚
32↕双儿↕12↕1245↕3↕6↕[2,2,2,2,2]↕[3,3,4,4,5]⋚
33↕二娘↕13↕1285↕3↕7↕[2,2,2,2,2]↕[3,3,4,4,5]⋚
34↕乐姨↕14↕1325↕3↕8↕[2,2,2,2,2]↕[3,3,4,4,5]⋚
35↕陈秋香↕15↕1365↕3↕9↕[2,2,2,2,2]↕[3,3,4,4,5]⋚
36↕刘芳↕16↕1405↕3↕10↕[2,2,2,2,2]↕[3,3,4,4,5]⋚
37↕赵跃进↕17↕1445↕3↕11↕[2,2,2,2,2]↕[3,3,4,4,5]⋚
38↕李桂花↕18↕1485↕3↕12↕[2,2,2,2,2]↕[3,3,4,4,5]⋚
39↕胡子叔↕19↕1525↕3↕13↕[2,2,2,2,2]↕[3,3,4,4,5]⋚
40↕孟大美↕20↕1565↕4↕1↕[2,2,2,2,2]↕[3,3,4,4,5]⋚
41↕李老头↕1↕1605↕4↕2↕[2,2,2,2,2]↕[3,3,4,4,5]⋚
42↕胖婶↕2↕1645↕4↕3↕[2,2,2,2,2]↕[3,3,4,4,5]⋚
43↕刘春花↕3↕1685↕4↕4↕[2,2,2,2,2]↕[3,3,4,4,5]⋚
44↕港姐↕4↕1725↕4↕5↕[2,2,2,2,2]↕[3,3,4,4,5]⋚
45↕小帅↕5↕1765↕4↕6↕[2,2,2,2,2]↕[3,3,4,4,5]⋚
46↕晓峰↕6↕1805↕4↕7↕[2,2,2,2,2]↕[3,3,4,4,5]⋚
47↕赵大刚↕7↕1845↕4↕8↕[2,2,2,2,2]↕[3,3,4,4,5]⋚
48↕陈叔↕8↕1885↕4↕9↕[2,2,2,2,2]↕[3,3,4,4,5]⋚
49↕小丽姐↕9↕1925↕4↕10↕[2,2,2,2,2]↕[3,3,4,4,5]⋚
50↕老李↕10↕1965↕4↕11↕[2,2,2,2,2]↕[3,3,4,4,5]⋚
51↕铁哥↕11↕2005↕4↕12↕[2,2,2,2,2]↕[3,3,4,4,5]⋚
52↕春花↕12↕2045↕4↕13↕[2,2,2,2,2]↕[3,3,4,4,5]⋚
53↕白姨↕13↕2085↕5↕1↕[2,2,2,2,2]↕[3,3,4,4,5]⋚
54↕大娘↕14↕2125↕5↕2↕[2,2,2,2,2]↕[3,3,4,4,5]⋚
55↕秋姐↕15↕2165↕5↕3↕[2,2,2,2,2]↕[3,3,4,4,5]⋚
56↕桂花↕16↕2205↕5↕4↕[2,2,2,2,2]↕[3,3,4,4,5]⋚
57↕陈永贵↕17↕2245↕5↕5↕[2,2,2,2,2]↕[3,3,4,4,5]⋚
58↕赵春燕↕18↕2285↕5↕6↕[2,2,2,2,2]↕[3,3,4,4,5]⋚
59↕焦叔↕19↕2325↕5↕7↕[2,2,2,2,2]↕[3,3,4,4,5]⋚
60↕柳如花↕20↕2365↕5↕8↕[2,2,2,2,2]↕[3,3,4,4,5]⋚
61↕大爷↕1↕2405↕5↕9↕[2,2,2,2,2]↕[3,3,4,4,5]⋚
62↕大婶↕2↕2445↕5↕10↕[2,2,2,2,2]↕[3,3,4,4,5]⋚
63↕秋枝↕3↕2485↕5↕11↕[2,2,2,2,2]↕[3,3,4,4,5]⋚
64↕空姐↕4↕2525↕5↕12↕[2,2,2,2,2]↕[3,3,4,4,5]⋚
65↕王小虎↕5↕2565↕5↕13↕[2,2,2,2,2]↕[3,3,4,4,5]⋚
66↕小凡↕6↕2605↕6↕1↕[2,2,2,2,2]↕[3,3,4,4,5]⋚
67↕陈建军↕7↕2645↕6↕2↕[2,2,2,2,2]↕[3,3,4,4,5]⋚
68↕郭叔↕8↕2685↕6↕3↕[2,2,2,2,2]↕[3,3,4,4,5]⋚
69↕梅姐↕9↕2725↕6↕4↕[2,2,2,2,2]↕[3,3,4,4,5]⋚
70↕铁头↕10↕2765↕6↕5↕[2,2,2,2,2]↕[3,3,4,4,5]⋚
71↕强哥↕11↕2805↕6↕6↕[2,2,2,2,2]↕[3,3,4,4,5]⋚
72↕胖姐↕12↕2845↕6↕7↕[2,2,2,2,2]↕[3,3,4,4,5]⋚
73↕陈阿姨↕13↕2885↕6↕8↕[2,2,2,2,2]↕[3,3,4,4,5]⋚
74↕陈婶↕14↕2925↕6↕9↕[2,2,2,2,2]↕[3,3,4,4,5]⋚
75↕乐乐姐↕15↕2965↕6↕10↕[2,2,2,2,2]↕[3,3,4,4,5]⋚
76↕招娣↕16↕3005↕6↕11↕[2,2,2,2,2]↕[3,3,4,4,5]⋚
77↕刚叔↕17↕3045↕6↕12↕[2,2,2,2,2]↕[3,3,4,4,5]⋚
78↕吴翠花↕18↕3085↕6↕13↕[2,2,2,2,2]↕[3,3,4,4,5]⋚
79↕王大爷↕1↕3125↕7↕1↕[2,2,2,2,2]↕[3,3,4,4,5]⋚
80↕王阿姨↕2↕3165↕7↕2↕[2,2,2,2,2]↕[3,3,4,4,5]⋚
81↕村花婷婷↕3↕3205↕7↕3↕[2,2,2,2,2]↕[3,3,4,4,5]⋚
82↕瑶瑶↕4↕3245↕7↕4↕[2,2,2,2,2]↕[3,3,4,4,5]⋚
83↕李南↕5↕3285↕7↕5↕[2,2,2,2,2]↕[3,3,4,4,5]⋚
84↕王小建↕6↕3325↕7↕6↕[2,2,2,2,2]↕[3,3,4,4,5]⋚
85↕大壮↕7↕3365↕7↕7↕[2,2,2,2,2]↕[3,3,4,4,5]⋚
86↕老铁↕8↕3405↕7↕8↕[2,2,2,2,2]↕[3,3,4,4,5]⋚
87↕彤姐↕9↕3445↕7↕9↕[2,2,2,2,2]↕[3,3,4,4,5]⋚
88↕工头↕10↕3485↕7↕10↕[2,2,2,2,2]↕[3,3,4,4,5]⋚
89↕赵二狗↕11↕3525↕7↕11↕[2,2,2,2,2]↕[3,3,4,4,5]⋚
90↕二妞↕12↕3565↕7↕12↕[2,2,2,2,2]↕[3,3,4,4,5]⋚
91↕李姨↕13↕3605↕7↕13↕[2,2,2,2,2]↕[3,3,4,4,5]⋚
92↕胖姨↕14↕3645↕8↕1↕[2,2,2,2,2]↕[3,3,4,4,5]⋚
93↕潘秋花↕15↕3685↕8↕2↕[2,2,2,2,2]↕[3,3,4,4,5]⋚
94↕钱二婶↕16↕3725↕8↕3↕[2,2,2,2,2]↕[3,3,4,4,5]⋚
95↕王富贵↕17↕3765↕8↕4↕[2,2,2,2,2]↕[3,3,4,4,5]⋚
96↕陈招娣↕18↕3805↕8↕5↕[2,2,2,2,2]↕[3,3,4,4,5]⋚
97↕蛮叔↕19↕3845↕8↕6↕[2,2,2,2,2]↕[3,3,4,4,5]⋚
98↕刘春花↕20↕3885↕8↕7↕[2,2,2,2,2]↕[3,3,4,4,5]⋚
99↕老大爷↕1↕3925↕8↕8↕[2,2,2,2,2]↕[3,3,4,4,5]⋚
100↕胖姨↕2↕3965↕8↕9↕[2,2,2,2,2]↕[3,3,4,4,5]⋚
101↕花花↕3↕4005↕8↕10↕[2,2,2,2,2]↕[3,3,4,4,5]⋚
102↕娜娜↕4↕4045↕8↕11↕[2,2,2,2,2]↕[3,3,4,4,5]⋚
103↕冠军男↕5↕4085↕8↕12↕[2,2,2,2,2]↕[3,3,4,4,5]⋚
104↕小刚↕6↕4125↕8↕13↕[2,2,2,2,2]↕[3,3,4,4,5]⋚
105↕李建国↕7↕4165↕9↕1↕[2,2,2,2,2]↕[3,3,4,4,5]⋚
106↕赵大哥↕8↕4205↕9↕2↕[2,2,2,2,2]↕[3,3,4,4,5]⋚
107↕李莉↕9↕4245↕9↕3↕[2,2,2,2,2]↕[3,3,4,4,5]⋚
108↕摩的哥↕10↕4285↕9↕4↕[2,2,2,2,2]↕[3,3,4,4,5]⋚
109↕狗蛋↕11↕4325↕9↕5↕[2,2,2,2,2]↕[3,3,4,4,5]⋚
110↕双儿↕12↕4365↕9↕6↕[2,2,2,2,2]↕[3,3,4,4,5]⋚
111↕二娘↕13↕4405↕9↕7↕[2,2,2,2,2]↕[3,3,4,4,5]⋚
112↕乐姨↕14↕4445↕9↕8↕[2,2,2,2,2]↕[3,3,4,4,5]⋚
113↕陈秋香↕15↕4485↕9↕9↕[2,2,2,2,2]↕[3,3,4,4,5]⋚
114↕刘芳↕16↕4525↕9↕10↕[2,2,2,2,2]↕[3,3,4,4,5]⋚
115↕赵跃进↕17↕4565↕9↕11↕[2,2,2,2,2]↕[3,3,4,4,5]⋚
116↕李桂花↕18↕4605↕9↕12↕[2,2,2,2,2]↕[3,3,4,4,5]⋚
117↕胡子叔↕19↕4645↕9↕13↕[2,2,2,2,2]↕[3,3,4,4,5]⋚
118↕孟大美↕20↕4685↕10↕1↕[2,2,2,2,2]↕[3,3,4,4,5]⋚
119↕李老头↕1↕4725↕10↕2↕[2,2,2,2,2]↕[3,3,4,4,5]⋚
120↕胖婶↕2↕4765↕10↕3↕[2,2,2,2,2]↕[3,3,4,4,5]⋚
121↕刘春花↕3↕4805↕10↕4↕[2,2,2,2,2]↕[3,3,4,4,5]⋚
122↕港姐↕4↕4845↕10↕5↕[2,2,2,2,2]↕[3,3,4,4,5]⋚
123↕小帅↕5↕4885↕10↕6↕[2,2,2,2,2]↕[3,3,4,4,5]⋚
124↕晓峰↕6↕4925↕10↕7↕[2,2,2,2,2]↕[3,3,4,4,5]⋚
125↕赵大刚↕7↕4965↕10↕8↕[2,2,2,2,2]↕[3,3,4,4,5]⋚
126↕陈叔↕8↕5005↕10↕9↕[2,2,2,2,2]↕[3,3,4,4,5]⋚
127↕小丽姐↕9↕5045↕10↕10↕[2,2,2,2,2]↕[3,3,4,4,5]⋚
128↕老李↕10↕5085↕10↕11↕[2,2,2,2,2]↕[3,3,4,4,5]⋚
129↕铁哥↕11↕5125↕10↕12↕[2,2,2,2,2]↕[3,3,4,4,5]⋚
130↕春花↕12↕5165↕10↕13↕[2,2,2,2,2]↕[3,3,4,4,5]⋚
131↕白姨↕13↕5205↕11↕1↕[2,2,2,2,2]↕[3,3,4,4,5]⋚
132↕大娘↕14↕5245↕11↕2↕[2,2,2,2,2]↕[3,3,4,4,5]⋚
133↕秋姐↕15↕5285↕11↕3↕[2,2,2,2,2]↕[3,3,4,4,5]⋚
134↕桂花↕16↕5325↕11↕4↕[2,2,2,2,2]↕[3,3,4,4,5]⋚
135↕陈永贵↕17↕5365↕11↕5↕[2,2,2,2,2]↕[3,3,4,4,5]⋚
136↕赵春燕↕18↕5405↕11↕6↕[2,2,2,2,2]↕[3,3,4,4,5]⋚
137↕焦叔↕19↕5445↕11↕7↕[2,2,2,2,2]↕[3,3,4,4,5]⋚
138↕柳如花↕20↕5485↕11↕8↕[2,2,2,2,2]↕[3,3,4,4,5]⋚
139↕大爷↕1↕5525↕11↕9↕[2,2,2,2,2]↕[3,3,4,4,5]⋚
140↕大婶↕2↕5565↕11↕10↕[2,2,2,2,2]↕[3,3,4,4,5]⋚
141↕秋枝↕3↕5605↕11↕11↕[2,2,2,2,2]↕[3,3,4,4,5]⋚
142↕空姐↕4↕5645↕11↕12↕[2,2,2,2,2]↕[3,3,4,4,5]⋚
143↕王小虎↕5↕5685↕11↕13↕[2,2,2,2,2]↕[3,3,4,4,5]⋚
144↕小凡↕6↕5725↕12↕1↕[2,2,2,2,2]↕[3,3,4,4,5]⋚
145↕陈建军↕7↕5765↕12↕2↕[2,2,2,2,2]↕[3,3,4,4,5]⋚
146↕郭叔↕8↕5805↕12↕3↕[2,2,2,2,2]↕[3,3,4,4,5]⋚
147↕梅姐↕9↕5845↕12↕4↕[2,2,2,2,2]↕[3,3,4,4,5]⋚
148↕铁头↕10↕5885↕12↕5↕[2,2,2,2,2]↕[3,3,4,4,5]⋚
149↕强哥↕11↕5925↕12↕6↕[2,2,2,2,2]↕[3,3,4,4,5]⋚
150↕胖姐↕12↕5965↕12↕7↕[2,2,2,2,2]↕[3,3,4,4,5]⋚
151↕陈阿姨↕13↕6005↕12↕8↕[2,2,2,2,2]↕[3,3,4,4,5]⋚
152↕陈婶↕14↕6045↕12↕9↕[2,2,2,2,2]↕[3,3,4,4,5]⋚
153↕乐乐姐↕15↕6085↕12↕10↕[2,2,2,2,2]↕[3,3,4,4,5]⋚
154↕招娣↕16↕6125↕12↕11↕[2,2,2,2,2]↕[3,3,4,4,5]⋚
155↕刚叔↕17↕6165↕12↕12↕[2,2,2,2,2]↕[3,3,4,4,5]⋚
156↕吴翠花↕18↕6205↕12↕13↕[2,2,2,2,2]↕[3,3,4,4,5]⋚
157↕王大爷↕1↕6245↕13↕1↕[2,2,2,2,2]↕[3,3,4,4,5]⋚
158↕王阿姨↕2↕6285↕13↕2↕[2,2,2,2,2]↕[3,3,4,4,5]⋚
159↕村花婷婷↕3↕6325↕13↕3↕[2,2,2,2,2]↕[3,3,4,4,5]⋚
160↕瑶瑶↕4↕6365↕13↕4↕[2,2,2,2,2]↕[3,3,4,4,5]⋚
161↕李南↕5↕6405↕13↕5↕[2,2,2,2,2]↕[3,3,4,4,5]⋚
162↕王小建↕6↕6445↕13↕6↕[2,2,2,2,2]↕[3,3,4,4,5]⋚
163↕大壮↕7↕6485↕13↕7↕[2,2,2,2,2]↕[3,3,4,4,5]⋚
164↕老铁↕8↕6525↕13↕8↕[2,2,2,2,2]↕[3,3,4,4,5]⋚
165↕彤姐↕9↕6565↕13↕9↕[2,2,2,2,2]↕[3,3,4,4,5]⋚
166↕工头↕10↕6605↕13↕10↕[2,2,2,2,2]↕[3,3,4,4,5]⋚
167↕赵二狗↕11↕6645↕13↕11↕[2,2,2,2,2]↕[3,3,4,4,5]⋚
168↕二妞↕12↕6685↕13↕12↕[2,2,2,2,2]↕[3,3,4,4,5]⋚
169↕李姨↕13↕6725↕13↕13↕[2,2,2,2,2]↕[3,3,4,4,5]⋚
170↕胖姨↕14↕6765↕14↕1↕[2,2,2,2,2]↕[3,3,4,4,5]⋚
171↕潘秋花↕15↕6805↕14↕2↕[2,2,2,2,2]↕[3,3,4,4,5]⋚
172↕钱二婶↕16↕6845↕14↕3↕[2,2,2,2,2]↕[3,3,4,4,5]⋚
173↕王富贵↕17↕6885↕14↕4↕[2,2,2,2,2]↕[3,3,4,4,5]⋚
174↕陈招娣↕18↕6925↕14↕5↕[2,2,2,2,2]↕[3,3,4,4,5]⋚
175↕蛮叔↕19↕6965↕14↕6↕[2,2,2,2,2]↕[3,3,4,4,5]⋚
176↕刘春花↕20↕7005↕14↕7↕[2,2,2,2,2]↕[3,3,4,4,5]⋚
177↕老大爷↕1↕7045↕14↕8↕[2,2,2,2,2]↕[3,3,4,4,5]⋚
178↕胖姨↕2↕7085↕14↕9↕[2,2,2,2,2]↕[3,3,4,4,5]⋚
179↕花花↕3↕7125↕14↕10↕[2,2,2,2,2]↕[3,3,4,4,5]⋚
180↕娜娜↕4↕7165↕14↕11↕[2,2,2,2,2]↕[3,3,4,4,5]⋚
181↕冠军男↕5↕7205↕14↕12↕[2,2,2,2,2]↕[3,3,4,4,5]⋚
182↕小刚↕6↕7245↕14↕13↕[2,2,2,2,2]↕[3,3,4,4,5]⋚
183↕李建国↕7↕7285↕15↕1↕[2,2,2,2,2]↕[3,3,4,4,5]⋚
184↕赵大哥↕8↕7325↕15↕2↕[2,2,2,2,2]↕[3,3,4,4,5]⋚
185↕李莉↕9↕7365↕15↕3↕[2,2,2,2,2]↕[3,3,4,4,5]⋚
186↕摩的哥↕10↕7405↕15↕4↕[2,2,2,2,2]↕[3,3,4,4,5]⋚
187↕狗蛋↕11↕7445↕15↕5↕[2,2,2,2,2]↕[3,3,4,4,5]⋚
188↕双儿↕12↕7485↕15↕6↕[2,2,2,2,2]↕[3,3,4,4,5]⋚
189↕二娘↕13↕7525↕15↕7↕[2,2,2,2,2]↕[3,3,4,4,5]⋚
190↕乐姨↕14↕7565↕15↕8↕[2,2,2,2,2]↕[3,3,4,4,5]⋚
191↕陈秋香↕15↕7605↕15↕9↕[2,2,2,2,2]↕[3,3,4,4,5]⋚
192↕刘芳↕16↕7645↕15↕10↕[2,2,2,2,2]↕[3,3,4,4,5]⋚
193↕赵跃进↕17↕7685↕15↕11↕[2,2,2,2,2]↕[3,3,4,4,5]⋚
194↕李桂花↕18↕7725↕15↕12↕[2,2,2,2,2]↕[3,3,4,4,5]⋚
195↕胡子叔↕19↕7765↕15↕13↕[2,2,2,2,2]↕[3,3,4,4,5]⋚
196↕孟大美↕20↕7805↕16↕1↕[2,2,2,2,2]↕[3,3,4,4,5]⋚
197↕李老头↕1↕7845↕16↕2↕[2,2,2,2,2]↕[3,3,4,4,5]⋚
198↕胖婶↕2↕7885↕16↕3↕[2,2,2,2,2]↕[3,3,4,4,5]⋚
199↕刘春花↕3↕7925↕16↕4↕[2,2,2,2,2]↕[3,3,4,4,5]⋚
200↕港姐↕4↕7965↕16↕5↕[2,2,2,2,2]↕[3,3,4,4,5]⋚
201↕小帅↕5↕8005↕16↕6↕[2,2,2,2,2]↕[3,3,4,4,5]⋚
202↕晓峰↕6↕8045↕16↕7↕[2,2,2,2,2]↕[3,3,4,4,5]⋚
203↕赵大刚↕7↕8085↕16↕8↕[2,2,2,2,2]↕[3,3,4,4,5]⋚
204↕陈叔↕8↕8125↕16↕9↕[2,2,2,2,2]↕[3,3,4,4,5]⋚
205↕小丽姐↕9↕8165↕16↕10↕[2,2,2,2,2]↕[3,3,4,4,5]⋚
206↕老李↕10↕8205↕16↕11↕[2,2,2,2,2]↕[3,3,4,4,5]⋚
207↕铁哥↕11↕8245↕16↕12↕[2,2,2,2,2]↕[3,3,4,4,5]⋚
208↕春花↕12↕8285↕16↕13↕[2,2,2,2,2]↕[3,3,4,4,5]⋚
209↕白姨↕13↕8325↕17↕1↕[2,2,2,2,2]↕[3,3,4,4,5]⋚
210↕大娘↕14↕8365↕17↕2↕[2,2,2,2,2]↕[3,3,4,4,5]⋚
211↕秋姐↕15↕8405↕17↕3↕[2,2,2,2,2]↕[3,3,4,4,5]⋚
212↕桂花↕16↕8445↕17↕4↕[2,2,2,2,2]↕[3,3,4,4,5]⋚
213↕陈永贵↕17↕8485↕17↕5↕[2,2,2,2,2]↕[3,3,4,4,5]⋚
214↕赵春燕↕18↕8525↕17↕6↕[2,2,2,2,2]↕[3,3,4,4,5]⋚
215↕焦叔↕19↕8565↕17↕7↕[2,2,2,2,2]↕[3,3,4,4,5]⋚
216↕柳如花↕20↕8605↕17↕8↕[2,2,2,2,2]↕[3,3,4,4,5]⋚
217↕大爷↕1↕8645↕17↕9↕[2,2,2,2,2]↕[3,3,4,4,5]⋚
218↕大婶↕2↕8685↕17↕10↕[2,2,2,2,2]↕[3,3,4,4,5]⋚
219↕秋枝↕3↕8725↕17↕11↕[2,2,2,2,2]↕[3,3,4,4,5]⋚
220↕空姐↕4↕8765↕17↕12↕[2,2,2,2,2]↕[3,3,4,4,5]⋚
221↕王小虎↕5↕8805↕17↕13↕[2,2,2,2,2]↕[3,3,4,4,5]⋚
222↕小凡↕6↕8845↕18↕1↕[2,2,2,2,2]↕[3,3,4,4,5]⋚
223↕陈建军↕7↕8885↕18↕2↕[2,2,2,2,2]↕[3,3,4,4,5]⋚
224↕郭叔↕8↕8925↕18↕3↕[2,2,2,2,2]↕[3,3,4,4,5]⋚
225↕梅姐↕9↕8965↕18↕4↕[2,2,2,2,2]↕[3,3,4,4,5]⋚
226↕铁头↕10↕9005↕18↕5↕[2,2,2,2,2]↕[3,3,4,4,5]⋚
227↕强哥↕11↕9045↕18↕6↕[2,2,2,2,2]↕[3,3,4,4,5]⋚
228↕胖姐↕12↕9085↕18↕7↕[2,2,2,2,2]↕[3,3,4,4,5]⋚
229↕陈阿姨↕13↕9125↕18↕8↕[2,2,2,2,2]↕[3,3,4,4,5]⋚
230↕陈婶↕14↕9165↕18↕9↕[2,2,2,2,2]↕[3,3,4,4,5]⋚
231↕乐乐姐↕15↕9205↕18↕10↕[2,2,2,2,2]↕[3,3,4,4,5]⋚
232↕招娣↕16↕9245↕18↕11↕[2,2,2,2,2]↕[3,3,4,4,5]⋚
233↕刚叔↕17↕9285↕18↕12↕[2,2,2,2,2]↕[3,3,4,4,5]⋚
234↕吴翠花↕18↕9325↕18↕13↕[2,2,2,2,2]↕[3,3,4,4,5]⋚
235↕王大爷↕1↕9365↕19↕1↕[2,2,2,2,2]↕[3,3,4,4,5]⋚
236↕王阿姨↕2↕9405↕19↕2↕[2,2,2,2,2]↕[3,3,4,4,5]⋚
237↕村花婷婷↕3↕9445↕19↕3↕[2,2,2,2,2]↕[3,3,4,4,5]⋚
238↕瑶瑶↕4↕9485↕19↕4↕[2,2,2,2,2]↕[3,3,4,4,5]⋚
239↕李南↕5↕9525↕19↕5↕[2,2,2,2,2]↕[3,3,4,4,5]⋚
240↕王小建↕6↕9565↕19↕6↕[2,2,2,2,2]↕[3,3,4,4,5]⋚
241↕大壮↕7↕9605↕19↕7↕[2,2,2,2,2]↕[3,3,4,4,5]⋚
242↕老铁↕8↕9645↕19↕8↕[2,2,2,2,2]↕[3,3,4,4,5]⋚
243↕彤姐↕9↕9685↕19↕9↕[2,2,2,2,2]↕[3,3,4,4,5]⋚
244↕工头↕10↕9725↕19↕10↕[2,2,2,2,2]↕[3,3,4,4,5]⋚
245↕赵二狗↕11↕9765↕19↕11↕[2,2,2,2,2]↕[3,3,4,4,5]⋚
246↕二妞↕12↕9805↕19↕12↕[2,2,2,2,2]↕[3,3,4,4,5]⋚
247↕李姨↕13↕9845↕19↕13↕[2,2,2,2,2]↕[3,3,4,4,5]⋚
248↕胖姨↕14↕9885↕20↕1↕[2,2,2,2,2]↕[3,3,4,4,5]⋚
249↕潘秋花↕15↕9925↕20↕2↕[2,2,2,2,2]↕[3,3,4,4,5]⋚
250↕钱二婶↕16↕9965↕20↕3↕[2,2,2,2,2]↕[3,3,4,4,5]⋚
251↕王富贵↕17↕10005↕20↕4↕[2,2,2,2,2]↕[3,3,4,4,5]⋚
252↕陈招娣↕18↕10045↕20↕5↕[2,2,2,2,2]↕[3,3,4,4,5]⋚
253↕蛮叔↕19↕10085↕20↕6↕[2,2,2,2,2]↕[3,3,4,4,5]⋚
254↕刘春花↕20↕10125↕20↕7↕[2,2,2,2,2]↕[3,3,4,4,5]⋚
255↕老大爷↕1↕10165↕20↕8↕[2,2,2,2,2]↕[3,3,4,4,5]⋚
256↕胖姨↕2↕10205↕20↕9↕[2,2,2,2,2]↕[3,3,4,4,5]⋚
257↕花花↕3↕10245↕20↕10↕[2,2,2,2,2]↕[3,3,4,4,5]⋚
258↕娜娜↕4↕10285↕20↕11↕[2,2,2,2,2]↕[3,3,4,4,5]⋚
259↕冠军男↕5↕10325↕20↕12↕[2,2,2,2,2]↕[3,3,4,4,5]⋚
260↕小刚↕6↕10365↕20↕13↕[2,2,2,2,2]↕[3,3,4,4,5]⋚
261↕李建国↕7↕10405↕21↕1↕[2,2,2,2,2]↕[3,3,4,4,5]⋚
262↕赵大哥↕8↕10445↕21↕2↕[2,2,2,2,2]↕[3,3,4,4,5]⋚
263↕李莉↕9↕10485↕21↕3↕[2,2,2,2,2]↕[3,3,4,4,5]⋚
264↕摩的哥↕10↕10525↕21↕4↕[2,2,2,2,2]↕[3,3,4,4,5]⋚
265↕狗蛋↕11↕10565↕21↕5↕[2,2,2,2,2]↕[3,3,4,4,5]⋚
266↕双儿↕12↕10605↕21↕6↕[2,2,2,2,2]↕[3,3,4,4,5]⋚
267↕二娘↕13↕10645↕21↕7↕[2,2,2,2,2]↕[3,3,4,4,5]⋚
268↕乐姨↕14↕10685↕21↕8↕[2,2,2,2,2]↕[3,3,4,4,5]⋚
269↕陈秋香↕15↕10725↕21↕9↕[2,2,2,2,2]↕[3,3,4,4,5]⋚
270↕刘芳↕16↕10765↕21↕10↕[2,2,2,2,2]↕[3,3,4,4,5]⋚
271↕赵跃进↕17↕10805↕21↕11↕[2,2,2,2,2]↕[3,3,4,4,5]⋚
272↕李桂花↕18↕10845↕21↕12↕[2,2,2,2,2]↕[3,3,4,4,5]⋚
273↕胡子叔↕19↕10885↕21↕13↕[2,2,2,2,2]↕[3,3,4,4,5]⋚
274↕孟大美↕20↕10925↕22↕1↕[2,2,2,2,2]↕[3,3,4,4,5]⋚
275↕李老头↕1↕10965↕22↕2↕[2,2,2,2,2]↕[3,3,4,4,5]⋚
276↕胖婶↕2↕11005↕22↕3↕[2,2,2,2,2]↕[3,3,4,4,5]⋚
277↕刘春花↕3↕11045↕22↕4↕[2,2,2,2,2]↕[3,3,4,4,5]⋚
278↕港姐↕4↕11085↕22↕5↕[2,2,2,2,2]↕[3,3,4,4,5]⋚
279↕小帅↕5↕11125↕22↕6↕[2,2,2,2,2]↕[3,3,4,4,5]⋚
280↕晓峰↕6↕11165↕22↕7↕[2,2,2,2,2]↕[3,3,4,4,5]⋚
281↕赵大刚↕7↕11205↕22↕8↕[2,2,2,2,2]↕[3,3,4,4,5]⋚
282↕陈叔↕8↕11245↕22↕9↕[2,2,2,2,2]↕[3,3,4,4,5]⋚
283↕小丽姐↕9↕11285↕22↕10↕[2,2,2,2,2]↕[3,3,4,4,5]⋚
284↕老李↕10↕11325↕22↕11↕[2,2,2,2,2]↕[3,3,4,4,5]⋚
285↕铁哥↕11↕11365↕22↕12↕[2,2,2,2,2]↕[3,3,4,4,5]⋚
286↕春花↕12↕11405↕22↕13↕[2,2,2,2,2]↕[3,3,4,4,5]⋚
287↕白姨↕13↕11445↕23↕1↕[2,2,2,2,2]↕[3,3,4,4,5]⋚
288↕大娘↕14↕11485↕23↕2↕[2,2,2,2,2]↕[3,3,4,4,5]⋚
289↕秋姐↕15↕11525↕23↕3↕[2,2,2,2,2]↕[3,3,4,4,5]⋚
290↕桂花↕16↕11565↕23↕4↕[2,2,2,2,2]↕[3,3,4,4,5]⋚
291↕陈永贵↕17↕11605↕23↕5↕[2,2,2,2,2]↕[3,3,4,4,5]⋚
292↕赵春燕↕18↕11645↕23↕6↕[2,2,2,2,2]↕[3,3,4,4,5]⋚
293↕焦叔↕19↕11685↕23↕7↕[2,2,2,2,2]↕[3,3,4,4,5]⋚
294↕柳如花↕20↕11725↕23↕8↕[2,2,2,2,2]↕[3,3,4,4,5]⋚
295↕大爷↕1↕11765↕23↕9↕[2,2,2,2,2]↕[3,3,4,4,5]⋚
296↕大婶↕2↕11805↕23↕10↕[2,2,2,2,2]↕[3,3,4,4,5]⋚
297↕秋枝↕3↕11845↕23↕11↕[2,2,2,2,2]↕[3,3,4,4,5]⋚
298↕空姐↕4↕11885↕23↕12↕[2,2,2,2,2]↕[3,3,4,4,5]⋚
299↕王小虎↕5↕11925↕23↕13↕[2,2,2,2,2]↕[3,3,4,4,5]⋚
300↕小凡↕6↕11965↕24↕1↕[2,2,2,2,2]↕[3,3,4,4,5]⋚
301↕陈建军↕7↕12005↕24↕2↕[2,2,2,2,2]↕[3,3,4,4,5]⋚
302↕郭叔↕8↕12045↕24↕3↕[2,2,2,2,2]↕[3,3,4,4,5]⋚
303↕梅姐↕9↕12085↕24↕4↕[2,2,2,2,2]↕[3,3,4,4,5]⋚
304↕铁头↕10↕12125↕24↕5↕[2,2,2,2,2]↕[3,3,4,4,5]⋚
305↕强哥↕11↕12165↕24↕6↕[2,2,2,2,2]↕[3,3,4,4,5]⋚
306↕胖姐↕12↕12205↕24↕7↕[2,2,2,2,2]↕[3,3,4,4,5]⋚
307↕陈阿姨↕13↕12245↕24↕8↕[2,2,2,2,2]↕[3,3,4,4,5]⋚
308↕陈婶↕14↕12285↕24↕9↕[2,2,2,2,2]↕[3,3,4,4,5]⋚
309↕乐乐姐↕15↕12325↕24↕10↕[2,2,2,2,2]↕[3,3,4,4,5]⋚
310↕招娣↕16↕12365↕24↕11↕[2,2,2,2,2]↕[3,3,4,4,5]⋚
311↕刚叔↕17↕12405↕24↕12↕[2,2,2,2,2]↕[3,3,4,4,5]⋚
312↕吴翠花↕18↕12445↕24↕13↕[2,2,2,2,2]↕[3,3,4,4,5]⋚
313↕王大爷↕1↕12485↕25↕1↕[2,2,2,2,2]↕[3,3,4,4,5]⋚
314↕王阿姨↕2↕12525↕25↕2↕[2,2,2,2,2]↕[3,3,4,4,5]⋚
315↕村花婷婷↕3↕12565↕25↕3↕[2,2,2,2,2]↕[3,3,4,4,5]⋚
316↕瑶瑶↕4↕12605↕25↕4↕[2,2,2,2,2]↕[3,3,4,4,5]⋚
317↕李南↕5↕12645↕25↕5↕[2,2,2,2,2]↕[3,3,4,4,5]⋚
318↕王小建↕6↕12685↕25↕6↕[2,2,2,2,2]↕[3,3,4,4,5]⋚
319↕大壮↕7↕12725↕25↕7↕[2,2,2,2,2]↕[3,3,4,4,5]⋚
320↕老铁↕8↕12765↕25↕8↕[2,2,2,2,2]↕[3,3,4,4,5]⋚
321↕彤姐↕9↕12805↕25↕9↕[2,2,2,2,2]↕[3,3,4,4,5]⋚
322↕工头↕10↕12845↕25↕10↕[2,2,2,2,2]↕[3,3,4,4,5]⋚
323↕赵二狗↕11↕12885↕25↕11↕[2,2,2,2,2]↕[3,3,4,4,5]⋚
324↕二妞↕12↕12925↕25↕12↕[2,2,2,2,2]↕[3,3,4,4,5]⋚
325↕李姨↕13↕12965↕25↕13↕[2,2,2,2,2]↕[3,3,4,4,5]⋚
326↕胖姨↕14↕13005↕26↕1↕[2,2,2,2,2]↕[3,3,4,4,5]⋚
327↕潘秋花↕15↕13045↕26↕2↕[2,2,2,2,2]↕[3,3,4,4,5]⋚
328↕钱二婶↕16↕13085↕26↕3↕[2,2,2,2,2]↕[3,3,4,4,5]⋚
329↕王富贵↕17↕13125↕26↕4↕[2,2,2,2,2]↕[3,3,4,4,5]⋚
330↕陈招娣↕18↕13165↕26↕5↕[2,2,2,2,2]↕[3,3,4,4,5]⋚
331↕蛮叔↕19↕13205↕26↕6↕[2,2,2,2,2]↕[3,3,4,4,5]⋚
332↕刘春花↕20↕13245↕26↕7↕[2,2,2,2,2]↕[3,3,4,4,5]⋚
333↕老大爷↕1↕13285↕26↕8↕[2,2,2,2,2]↕[3,3,4,4,5]⋚
334↕胖姨↕2↕13325↕26↕9↕[2,2,2,2,2]↕[3,3,4,4,5]⋚
335↕花花↕3↕13365↕26↕10↕[2,2,2,2,2]↕[3,3,4,4,5]⋚
336↕娜娜↕4↕13405↕26↕11↕[2,2,2,2,2]↕[3,3,4,4,5]⋚
337↕冠军男↕5↕13445↕26↕12↕[2,2,2,2,2]↕[3,3,4,4,5]⋚
338↕小刚↕6↕13485↕26↕13↕[2,2,2,2,2]↕[3,3,4,4,5]⋚
339↕李建国↕7↕13525↕27↕1↕[2,2,2,2,2]↕[3,3,4,4,5]⋚
340↕赵大哥↕8↕13565↕27↕2↕[2,2,2,2,2]↕[3,3,4,4,5]⋚
341↕李莉↕9↕13605↕27↕3↕[2,2,2,2,2]↕[3,3,4,4,5]⋚
342↕摩的哥↕10↕13645↕27↕4↕[2,2,2,2,2]↕[3,3,4,4,5]⋚
343↕狗蛋↕11↕13685↕27↕5↕[2,2,2,2,2]↕[3,3,4,4,5]⋚
344↕双儿↕12↕13725↕27↕6↕[2,2,2,2,2]↕[3,3,4,4,5]⋚
345↕二娘↕13↕13765↕27↕7↕[2,2,2,2,2]↕[3,3,4,4,5]⋚
346↕乐姨↕14↕13805↕27↕8↕[2,2,2,2,2]↕[3,3,4,4,5]⋚
347↕陈秋香↕15↕13845↕27↕9↕[2,2,2,2,2]↕[3,3,4,4,5]⋚
348↕刘芳↕16↕13885↕27↕10↕[2,2,2,2,2]↕[3,3,4,4,5]⋚
349↕赵跃进↕17↕13925↕27↕11↕[2,2,2,2,2]↕[3,3,4,4,5]⋚
350↕李桂花↕18↕13965↕27↕12↕[2,2,2,2,2]↕[3,3,4,4,5]⋚
351↕胡子叔↕19↕14005↕27↕13↕[2,2,2,2,2]↕[3,3,4,4,5]⋚
352↕孟大美↕20↕14045↕28↕1↕[2,2,2,2,2]↕[3,3,4,4,5]⋚
353↕李老头↕1↕14085↕28↕2↕[2,2,2,2,2]↕[3,3,4,4,5]⋚
354↕胖婶↕2↕14125↕28↕3↕[2,2,2,2,2]↕[3,3,4,4,5]⋚
355↕刘春花↕3↕14165↕28↕4↕[2,2,2,2,2]↕[3,3,4,4,5]⋚
356↕港姐↕4↕14205↕28↕5↕[2,2,2,2,2]↕[3,3,4,4,5]⋚
357↕小帅↕5↕14245↕28↕6↕[2,2,2,2,2]↕[3,3,4,4,5]⋚
358↕晓峰↕6↕14285↕28↕7↕[2,2,2,2,2]↕[3,3,4,4,5]⋚
359↕赵大刚↕7↕14325↕28↕8↕[2,2,2,2,2]↕[3,3,4,4,5]⋚
360↕陈叔↕8↕14365↕28↕9↕[2,2,2,2,2]↕[3,3,4,4,5]⋚
361↕小丽姐↕9↕14405↕28↕10↕[2,2,2,2,2]↕[3,3,4,4,5]⋚
362↕老李↕10↕14445↕28↕11↕[2,2,2,2,2]↕[3,3,4,4,5]⋚
363↕铁哥↕11↕14485↕28↕12↕[2,2,2,2,2]↕[3,3,4,4,5]⋚
364↕春花↕12↕14525↕28↕13↕[2,2,2,2,2]↕[3,3,4,4,5]⋚
365↕白姨↕13↕14565↕29↕1↕[2,2,2,2,2]↕[3,3,4,4,5]⋚
366↕大娘↕14↕14605↕29↕2↕[2,2,2,2,2]↕[3,3,4,4,5]⋚
367↕秋姐↕15↕14645↕29↕3↕[2,2,2,2,2]↕[3,3,4,4,5]⋚
368↕桂花↕16↕14685↕29↕4↕[2,2,2,2,2]↕[3,3,4,4,5]⋚
369↕陈永贵↕17↕14725↕29↕5↕[2,2,2,2,2]↕[3,3,4,4,5]⋚
370↕赵春燕↕18↕14765↕29↕6↕[2,2,2,2,2]↕[3,3,4,4,5]⋚
371↕焦叔↕19↕14805↕29↕7↕[2,2,2,2,2]↕[3,3,4,4,5]⋚
372↕柳如花↕20↕14845↕29↕8↕[2,2,2,2,2]↕[3,3,4,4,5]⋚
373↕大爷↕1↕14885↕29↕9↕[2,2,2,2,2]↕[3,3,4,4,5]⋚
374↕大婶↕2↕14925↕29↕10↕[2,2,2,2,2]↕[3,3,4,4,5]⋚
375↕秋枝↕3↕14965↕29↕11↕[2,2,2,2,2]↕[3,3,4,4,5]⋚
376↕空姐↕4↕15005↕29↕12↕[2,2,2,2,2]↕[3,3,4,4,5]⋚
377↕王小虎↕5↕15045↕29↕13↕[2,2,2,2,2]↕[3,3,4,4,5]⋚
378↕小凡↕6↕15085↕30↕1↕[2,2,2,2,2]↕[3,3,4,4,5]⋚
379↕陈建军↕7↕15125↕30↕2↕[2,2,2,2,2]↕[3,3,4,4,5]⋚
380↕郭叔↕8↕15165↕30↕3↕[2,2,2,2,2]↕[3,3,4,4,5]⋚
381↕梅姐↕9↕15205↕30↕4↕[2,2,2,2,2]↕[3,3,4,4,5]⋚
382↕铁头↕10↕15245↕30↕5↕[2,2,2,2,2]↕[3,3,4,4,5]⋚
383↕强哥↕11↕15285↕30↕6↕[2,2,2,2,2]↕[3,3,4,4,5]⋚
384↕胖姐↕12↕15325↕30↕7↕[2,2,2,2,2]↕[3,3,4,4,5]⋚
385↕陈阿姨↕13↕15365↕30↕8↕[2,2,2,2,2]↕[3,3,4,4,5]⋚
386↕陈婶↕14↕15405↕30↕9↕[2,2,2,2,2]↕[3,3,4,4,5]⋚
387↕乐乐姐↕15↕15445↕30↕10↕[2,2,2,2,2]↕[3,3,4,4,5]⋚
388↕招娣↕16↕15485↕30↕11↕[2,2,2,2,2]↕[3,3,4,4,5]⋚
389↕刚叔↕17↕15525↕30↕12↕[2,2,2,2,2]↕[3,3,4,4,5]⋚
390↕吴翠花↕18↕15565↕30↕13↕[2,2,2,2,2]↕[3,3,4,4,5]⋚
391↕王大爷↕1↕15605↕31↕1↕[2,2,2,2,2]↕[3,3,4,4,5]⋚
392↕王阿姨↕2↕15645↕31↕2↕[2,2,2,2,2]↕[3,3,4,4,5]⋚
393↕村花婷婷↕3↕15685↕31↕3↕[2,2,2,2,2]↕[3,3,4,4,5]⋚
394↕瑶瑶↕4↕15725↕31↕4↕[2,2,2,2,2]↕[3,3,4,4,5]⋚
395↕李南↕5↕15765↕31↕5↕[2,2,2,2,2]↕[3,3,4,4,5]⋚
396↕王小建↕6↕15805↕31↕6↕[2,2,2,2,2]↕[3,3,4,4,5]⋚
397↕大壮↕7↕15845↕31↕7↕[2,2,2,2,2]↕[3,3,4,4,5]⋚
398↕老铁↕8↕15885↕31↕8↕[2,2,2,2,2]↕[3,3,4,4,5]⋚
399↕彤姐↕9↕15925↕31↕9↕[2,2,2,2,2]↕[3,3,4,4,5]⋚
400↕工头↕10↕15965↕31↕10↕[2,2,2,2,2]↕[3,3,4,4,5]⋚
401↕赵二狗↕11↕16005↕31↕11↕[2,2,2,2,2]↕[3,3,4,4,5]⋚
402↕二妞↕12↕16045↕31↕12↕[2,2,2,2,2]↕[3,3,4,4,5]⋚
403↕李姨↕13↕16085↕31↕13↕[2,2,2,2,2]↕[3,3,4,4,5]⋚
404↕胖姨↕14↕16125↕32↕1↕[2,2,2,2,2]↕[3,3,4,4,5]⋚
405↕潘秋花↕15↕16165↕32↕2↕[2,2,2,2,2]↕[3,3,4,4,5]⋚
406↕钱二婶↕16↕16205↕32↕3↕[2,2,2,2,2]↕[3,3,4,4,5]⋚
407↕王富贵↕17↕16245↕32↕4↕[2,2,2,2,2]↕[3,3,4,4,5]⋚
408↕陈招娣↕18↕16285↕32↕5↕[2,2,2,2,2]↕[3,3,4,4,5]⋚
409↕蛮叔↕19↕16325↕32↕6↕[2,2,2,2,2]↕[3,3,4,4,5]⋚
410↕刘春花↕20↕16365↕32↕7↕[2,2,2,2,2]↕[3,3,4,4,5]⋚
411↕老大爷↕1↕16405↕32↕8↕[2,2,2,2,2]↕[3,3,4,4,5]⋚
412↕胖姨↕2↕16445↕32↕9↕[2,2,2,2,2]↕[3,3,4,4,5]⋚
413↕花花↕3↕16485↕32↕10↕[2,2,2,2,2]↕[3,3,4,4,5]⋚
414↕娜娜↕4↕16525↕32↕11↕[2,2,2,2,2]↕[3,3,4,4,5]⋚
415↕冠军男↕5↕16565↕32↕12↕[2,2,2,2,2]↕[3,3,4,4,5]⋚
416↕小刚↕6↕16605↕32↕13↕[2,2,2,2,2]↕[3,3,4,4,5]⋚
417↕李建国↕7↕16645↕33↕1↕[2,2,2,2,2]↕[3,3,4,4,5]⋚
418↕赵大哥↕8↕16685↕33↕2↕[2,2,2,2,2]↕[3,3,4,4,5]⋚
419↕李莉↕9↕16725↕33↕3↕[2,2,2,2,2]↕[3,3,4,4,5]⋚
420↕摩的哥↕10↕16765↕33↕4↕[2,2,2,2,2]↕[3,3,4,4,5]⋚
421↕狗蛋↕11↕16805↕33↕5↕[2,2,2,2,2]↕[3,3,4,4,5]⋚
422↕双儿↕12↕16845↕33↕6↕[2,2,2,2,2]↕[3,3,4,4,5]⋚
423↕二娘↕13↕16885↕33↕7↕[2,2,2,2,2]↕[3,3,4,4,5]⋚
424↕乐姨↕14↕16925↕33↕8↕[2,2,2,2,2]↕[3,3,4,4,5]⋚
425↕陈秋香↕15↕16965↕33↕9↕[2,2,2,2,2]↕[3,3,4,4,5]⋚
426↕刘芳↕16↕17005↕33↕10↕[2,2,2,2,2]↕[3,3,4,4,5]⋚
427↕赵跃进↕17↕17045↕33↕11↕[2,2,2,2,2]↕[3,3,4,4,5]⋚
428↕李桂花↕18↕17085↕33↕12↕[2,2,2,2,2]↕[3,3,4,4,5]⋚
429↕胡子叔↕19↕17125↕33↕13↕[2,2,2,2,2]↕[3,3,4,4,5]⋚
430↕孟大美↕20↕17165↕34↕1↕[2,2,2,2,2]↕[3,3,4,4,5]⋚
431↕李老头↕1↕17205↕34↕2↕[2,2,2,2,2]↕[3,3,4,4,5]⋚
432↕胖婶↕2↕17245↕34↕3↕[2,2,2,2,2]↕[3,3,4,4,5]⋚
433↕刘春花↕3↕17285↕34↕4↕[2,2,2,2,2]↕[3,3,4,4,5]⋚
434↕港姐↕4↕17325↕34↕5↕[2,2,2,2,2]↕[3,3,4,4,5]⋚
435↕小帅↕5↕17365↕34↕6↕[2,2,2,2,2]↕[3,3,4,4,5]⋚
436↕晓峰↕6↕17405↕34↕7↕[2,2,2,2,2]↕[3,3,4,4,5]⋚
437↕赵大刚↕7↕17445↕34↕8↕[2,2,2,2,2]↕[3,3,4,4,5]⋚
438↕陈叔↕8↕17485↕34↕9↕[2,2,2,2,2]↕[3,3,4,4,5]⋚
439↕小丽姐↕9↕17525↕34↕10↕[2,2,2,2,2]↕[3,3,4,4,5]⋚
440↕老李↕10↕17565↕34↕11↕[2,2,2,2,2]↕[3,3,4,4,5]⋚
441↕铁哥↕11↕17605↕34↕12↕[2,2,2,2,2]↕[3,3,4,4,5]⋚
442↕春花↕12↕17645↕34↕13↕[2,2,2,2,2]↕[3,3,4,4,5]⋚
443↕白姨↕13↕17685↕35↕1↕[2,2,2,2,2]↕[3,3,4,4,5]⋚
444↕大娘↕14↕17725↕35↕2↕[2,2,2,2,2]↕[3,3,4,4,5]⋚
445↕秋姐↕15↕17765↕35↕3↕[2,2,2,2,2]↕[3,3,4,4,5]⋚
446↕桂花↕16↕17805↕35↕4↕[2,2,2,2,2]↕[3,3,4,4,5]⋚
447↕陈永贵↕17↕17845↕35↕5↕[2,2,2,2,2]↕[3,3,4,4,5]⋚
448↕赵春燕↕18↕17885↕35↕6↕[2,2,2,2,2]↕[3,3,4,4,5]⋚
449↕焦叔↕19↕17925↕35↕7↕[2,2,2,2,2]↕[3,3,4,4,5]⋚
450↕柳如花↕20↕17965↕35↕8↕[2,2,2,2,2]↕[3,3,4,4,5]⋚
451↕大爷↕1↕18005↕35↕9↕[2,2,2,2,2]↕[3,3,4,4,5]⋚
452↕大婶↕2↕18045↕35↕10↕[2,2,2,2,2]↕[3,3,4,4,5]⋚
453↕秋枝↕3↕18085↕35↕11↕[2,2,2,2,2]↕[3,3,4,4,5]⋚
454↕空姐↕4↕18125↕35↕12↕[2,2,2,2,2]↕[3,3,4,4,5]⋚
455↕王小虎↕5↕18165↕35↕13↕[2,2,2,2,2]↕[3,3,4,4,5]⋚
456↕小凡↕6↕18205↕36↕1↕[2,2,2,2,2]↕[3,3,4,4,5]⋚
457↕陈建军↕7↕18245↕36↕2↕[2,2,2,2,2]↕[3,3,4,4,5]⋚
458↕郭叔↕8↕18285↕36↕3↕[2,2,2,2,2]↕[3,3,4,4,5]⋚
459↕梅姐↕9↕18325↕36↕4↕[2,2,2,2,2]↕[3,3,4,4,5]⋚
460↕铁头↕10↕18365↕36↕5↕[2,2,2,2,2]↕[3,3,4,4,5]⋚
461↕强哥↕11↕18405↕36↕6↕[2,2,2,2,2]↕[3,3,4,4,5]⋚
462↕胖姐↕12↕18445↕36↕7↕[2,2,2,2,2]↕[3,3,4,4,5]⋚
463↕陈阿姨↕13↕18485↕36↕8↕[2,2,2,2,2]↕[3,3,4,4,5]⋚
464↕陈婶↕14↕18525↕36↕9↕[2,2,2,2,2]↕[3,3,4,4,5]⋚
465↕乐乐姐↕15↕18565↕36↕10↕[2,2,2,2,2]↕[3,3,4,4,5]⋚
466↕招娣↕16↕18605↕36↕11↕[2,2,2,2,2]↕[3,3,4,4,5]⋚
467↕刚叔↕17↕18645↕36↕12↕[2,2,2,2,2]↕[3,3,4,4,5]⋚
468↕吴翠花↕18↕18685↕36↕13↕[2,2,2,2,2]↕[3,3,4,4,5]⋚
469↕王大爷↕1↕18725↕37↕1↕[2,2,2,2,2]↕[3,3,4,4,5]⋚
470↕王阿姨↕2↕18765↕37↕2↕[2,2,2,2,2]↕[3,3,4,4,5]⋚
471↕村花婷婷↕3↕18805↕37↕3↕[2,2,2,2,2]↕[3,3,4,4,5]⋚
472↕瑶瑶↕4↕18845↕37↕4↕[2,2,2,2,2]↕[3,3,4,4,5]⋚
473↕李南↕5↕18885↕37↕5↕[2,2,2,2,2]↕[3,3,4,4,5]⋚
474↕王小建↕6↕18925↕37↕6↕[2,2,2,2,2]↕[3,3,4,4,5]⋚
475↕大壮↕7↕18965↕37↕7↕[2,2,2,2,2]↕[3,3,4,4,5]⋚
476↕老铁↕8↕19005↕37↕8↕[2,2,2,2,2]↕[3,3,4,4,5]⋚
477↕彤姐↕9↕19045↕37↕9↕[2,2,2,2,2]↕[3,3,4,4,5]⋚
478↕工头↕10↕19085↕37↕10↕[2,2,2,2,2]↕[3,3,4,4,5]⋚
479↕赵二狗↕11↕19125↕37↕11↕[2,2,2,2,2]↕[3,3,4,4,5]⋚
480↕二妞↕12↕19165↕37↕12↕[2,2,2,2,2]↕[3,3,4,4,5]⋚
481↕李姨↕13↕19205↕37↕13↕[2,2,2,2,2]↕[3,3,4,4,5]⋚
482↕胖姨↕14↕19245↕38↕1↕[2,2,2,2,2]↕[3,3,4,4,5]⋚
483↕潘秋花↕15↕19285↕38↕2↕[2,2,2,2,2]↕[3,3,4,4,5]⋚
484↕钱二婶↕16↕19325↕38↕3↕[2,2,2,2,2]↕[3,3,4,4,5]⋚
485↕王富贵↕17↕19365↕38↕4↕[2,2,2,2,2]↕[3,3,4,4,5]⋚
486↕陈招娣↕18↕19405↕38↕5↕[2,2,2,2,2]↕[3,3,4,4,5]⋚
487↕蛮叔↕19↕19445↕38↕6↕[2,2,2,2,2]↕[3,3,4,4,5]⋚
488↕刘春花↕20↕19485↕38↕7↕[2,2,2,2,2]↕[3,3,4,4,5]⋚
489↕老大爷↕1↕19525↕38↕8↕[2,2,2,2,2]↕[3,3,4,4,5]⋚
490↕胖姨↕2↕19565↕38↕9↕[2,2,2,2,2]↕[3,3,4,4,5]⋚
491↕花花↕3↕19605↕38↕10↕[2,2,2,2,2]↕[3,3,4,4,5]⋚
492↕娜娜↕4↕19645↕38↕11↕[2,2,2,2,2]↕[3,3,4,4,5]⋚
493↕冠军男↕5↕19685↕38↕12↕[2,2,2,2,2]↕[3,3,4,4,5]⋚
494↕小刚↕6↕19725↕38↕13↕[2,2,2,2,2]↕[3,3,4,4,5]⋚
495↕李建国↕7↕19765↕39↕1↕[2,2,2,2,2]↕[3,3,4,4,5]⋚
496↕赵大哥↕8↕19805↕39↕2↕[2,2,2,2,2]↕[3,3,4,4,5]⋚
497↕李莉↕9↕19845↕39↕3↕[2,2,2,2,2]↕[3,3,4,4,5]⋚
498↕摩的哥↕10↕19885↕39↕4↕[2,2,2,2,2]↕[3,3,4,4,5]⋚
499↕狗蛋↕11↕19925↕39↕5↕[2,2,2,2,2]↕[3,3,4,4,5]⋚
500↕双儿↕12↕19965↕39↕6↕[2,2,2,2,2]↕[3,3,4,4,5]⋚
501↕二娘↕13↕20005↕39↕7↕[2,2,2,2,2]↕[3,3,4,4,5]⋚
502↕乐姨↕14↕20045↕39↕8↕[2,2,2,2,2]↕[3,3,4,4,5]⋚
503↕陈秋香↕15↕20085↕39↕9↕[2,2,2,2,2]↕[3,3,4,4,5]⋚
504↕刘芳↕16↕20125↕39↕10↕[2,2,2,2,2]↕[3,3,4,4,5]⋚
505↕赵跃进↕17↕20165↕39↕11↕[2,2,2,2,2]↕[3,3,4,4,5]⋚
506↕李桂花↕18↕20205↕39↕12↕[2,2,2,2,2]↕[3,3,4,4,5]⋚
507↕胡子叔↕19↕20245↕39↕13↕[2,2,2,2,2]↕[3,3,4,4,5]⋚
508↕孟大美↕20↕20285↕40↕1↕[2,2,2,2,2]↕[3,3,4,4,5]⋚
509↕李老头↕1↕20325↕40↕2↕[2,2,2,2,2]↕[3,3,4,4,5]⋚
510↕胖婶↕2↕20365↕40↕3↕[2,2,2,2,2]↕[3,3,4,4,5]⋚
511↕刘春花↕3↕20405↕40↕4↕[2,2,2,2,2]↕[3,3,4,4,5]⋚
512↕港姐↕4↕20445↕40↕5↕[2,2,2,2,2]↕[3,3,4,4,5]⋚
513↕小帅↕5↕20485↕40↕6↕[2,2,2,2,2]↕[3,3,4,4,5]⋚
514↕晓峰↕6↕20525↕40↕7↕[2,2,2,2,2]↕[3,3,4,4,5]⋚
515↕赵大刚↕7↕20565↕40↕8↕[2,2,2,2,2]↕[3,3,4,4,5]⋚
516↕陈叔↕8↕20605↕40↕9↕[2,2,2,2,2]↕[3,3,4,4,5]⋚
517↕小丽姐↕9↕20645↕40↕10↕[2,2,2,2,2]↕[3,3,4,4,5]⋚
518↕老李↕10↕20685↕40↕11↕[2,2,2,2,2]↕[3,3,4,4,5]⋚
519↕铁哥↕11↕20725↕40↕12↕[2,2,2,2,2]↕[3,3,4,4,5]⋚
520↕春花↕12↕20765↕40↕13↕[2,2,2,2,2]↕[3,3,4,4,5]⋚
521↕白姨↕13↕20805↕41↕1↕[2,2,2,2,2]↕[3,3,4,4,5]⋚
522↕大娘↕14↕20845↕41↕2↕[2,2,2,2,2]↕[3,3,4,4,5]⋚
523↕秋姐↕15↕20885↕41↕3↕[2,2,2,2,2]↕[3,3,4,4,5]⋚
524↕桂花↕16↕20925↕41↕4↕[2,2,2,2,2]↕[3,3,4,4,5]⋚
525↕陈永贵↕17↕20965↕41↕5↕[2,2,2,2,2]↕[3,3,4,4,5]⋚
526↕赵春燕↕18↕21005↕41↕6↕[2,2,2,2,2]↕[3,3,4,4,5]⋚
527↕焦叔↕19↕21045↕41↕7↕[2,2,2,2,2]↕[3,3,4,4,5]⋚
528↕柳如花↕20↕21085↕41↕8↕[2,2,2,2,2]↕[3,3,4,4,5]⋚
529↕大爷↕1↕21125↕41↕9↕[2,2,2,2,2]↕[3,3,4,4,5]⋚
530↕大婶↕2↕21165↕41↕10↕[2,2,2,2,2]↕[3,3,4,4,5]⋚
531↕秋枝↕3↕21205↕41↕11↕[2,2,2,2,2]↕[3,3,4,4,5]⋚
532↕空姐↕4↕21245↕41↕12↕[2,2,2,2,2]↕[3,3,4,4,5]⋚
533↕王小虎↕5↕21285↕41↕13↕[2,2,2,2,2]↕[3,3,4,4,5]⋚
534↕小凡↕6↕21325↕42↕1↕[2,2,2,2,2]↕[3,3,4,4,5]⋚
535↕陈建军↕7↕21365↕42↕2↕[2,2,2,2,2]↕[3,3,4,4,5]⋚
536↕郭叔↕8↕21405↕42↕3↕[2,2,2,2,2]↕[3,3,4,4,5]⋚
537↕梅姐↕9↕21445↕42↕4↕[2,2,2,2,2]↕[3,3,4,4,5]⋚
538↕铁头↕10↕21485↕42↕5↕[2,2,2,2,2]↕[3,3,4,4,5]⋚
539↕强哥↕11↕21525↕42↕6↕[2,2,2,2,2]↕[3,3,4,4,5]⋚
540↕胖姐↕12↕21565↕42↕7↕[2,2,2,2,2]↕[3,3,4,4,5]⋚
541↕陈阿姨↕13↕21605↕42↕8↕[2,2,2,2,2]↕[3,3,4,4,5]⋚
542↕陈婶↕14↕21645↕42↕9↕[2,2,2,2,2]↕[3,3,4,4,5]⋚
543↕乐乐姐↕15↕21685↕42↕10↕[2,2,2,2,2]↕[3,3,4,4,5]⋚
544↕招娣↕16↕21725↕42↕11↕[2,2,2,2,2]↕[3,3,4,4,5]⋚
545↕刚叔↕17↕21765↕42↕12↕[2,2,2,2,2]↕[3,3,4,4,5]⋚
546↕吴翠花↕18↕21805↕42↕13↕[2,2,2,2,2]↕[3,3,4,4,5]⋚
547↕王大爷↕1↕21845↕43↕1↕[2,2,2,2,2]↕[3,3,4,4,5]⋚
548↕王阿姨↕2↕21885↕43↕2↕[2,2,2,2,2]↕[3,3,4,4,5]⋚
549↕村花婷婷↕3↕21925↕43↕3↕[2,2,2,2,2]↕[3,3,4,4,5]⋚
550↕瑶瑶↕4↕21965↕43↕4↕[2,2,2,2,2]↕[3,3,4,4,5]⋚
551↕李南↕5↕22005↕43↕5↕[2,2,2,2,2]↕[3,3,4,4,5]⋚
552↕王小建↕6↕22045↕43↕6↕[2,2,2,2,2]↕[3,3,4,4,5]⋚
553↕大壮↕7↕22085↕43↕7↕[2,2,2,2,2]↕[3,3,4,4,5]⋚
554↕老铁↕8↕22125↕43↕8↕[2,2,2,2,2]↕[3,3,4,4,5]⋚
555↕彤姐↕9↕22165↕43↕9↕[2,2,2,2,2]↕[3,3,4,4,5]⋚
556↕工头↕10↕22205↕43↕10↕[2,2,2,2,2]↕[3,3,4,4,5]⋚
557↕赵二狗↕11↕22245↕43↕11↕[2,2,2,2,2]↕[3,3,4,4,5]⋚
558↕二妞↕12↕22285↕43↕12↕[2,2,2,2,2]↕[3,3,4,4,5]⋚
559↕李姨↕13↕22325↕43↕13↕[2,2,2,2,2]↕[3,3,4,4,5]⋚
560↕胖姨↕14↕22365↕44↕1↕[2,2,2,2,2]↕[3,3,4,4,5]⋚
561↕潘秋花↕15↕22405↕44↕2↕[2,2,2,2,2]↕[3,3,4,4,5]⋚
562↕钱二婶↕16↕22445↕44↕3↕[2,2,2,2,2]↕[3,3,4,4,5]⋚
563↕王富贵↕17↕22485↕44↕4↕[2,2,2,2,2]↕[3,3,4,4,5]⋚
564↕陈招娣↕18↕22525↕44↕5↕[2,2,2,2,2]↕[3,3,4,4,5]⋚
565↕蛮叔↕19↕22565↕44↕6↕[2,2,2,2,2]↕[3,3,4,4,5]⋚
566↕刘春花↕20↕22605↕44↕7↕[2,2,2,2,2]↕[3,3,4,4,5]⋚
567↕老大爷↕1↕22645↕44↕8↕[2,2,2,2,2]↕[3,3,4,4,5]⋚
568↕胖姨↕2↕22685↕44↕9↕[2,2,2,2,2]↕[3,3,4,4,5]⋚
569↕花花↕3↕22725↕44↕10↕[2,2,2,2,2]↕[3,3,4,4,5]⋚
570↕娜娜↕4↕22765↕44↕11↕[2,2,2,2,2]↕[3,3,4,4,5]⋚
571↕冠军男↕5↕22805↕44↕12↕[2,2,2,2,2]↕[3,3,4,4,5]⋚
572↕小刚↕6↕22845↕44↕13↕[2,2,2,2,2]↕[3,3,4,4,5]⋚
573↕李建国↕7↕22885↕45↕1↕[2,2,2,2,2]↕[3,3,4,4,5]⋚
574↕赵大哥↕8↕22925↕45↕2↕[2,2,2,2,2]↕[3,3,4,4,5]⋚
575↕李莉↕9↕22965↕45↕3↕[2,2,2,2,2]↕[3,3,4,4,5]⋚
576↕摩的哥↕10↕23005↕45↕4↕[2,2,2,2,2]↕[3,3,4,4,5]⋚
577↕狗蛋↕11↕23045↕45↕5↕[2,2,2,2,2]↕[3,3,4,4,5]⋚
578↕双儿↕12↕23085↕45↕6↕[2,2,2,2,2]↕[3,3,4,4,5]⋚
579↕二娘↕13↕23125↕45↕7↕[2,2,2,2,2]↕[3,3,4,4,5]⋚
580↕乐姨↕14↕23165↕45↕8↕[2,2,2,2,2]↕[3,3,4,4,5]⋚
581↕陈秋香↕15↕23205↕45↕9↕[2,2,2,2,2]↕[3,3,4,4,5]⋚
582↕刘芳↕16↕23245↕45↕10↕[2,2,2,2,2]↕[3,3,4,4,5]⋚
583↕赵跃进↕17↕23285↕45↕11↕[2,2,2,2,2]↕[3,3,4,4,5]⋚
584↕李桂花↕18↕23325↕45↕12↕[2,2,2,2,2]↕[3,3,4,4,5]⋚
585↕胡子叔↕19↕23365↕45↕13↕[2,2,2,2,2]↕[3,3,4,4,5]⋚
586↕孟大美↕20↕23405↕46↕1↕[2,2,2,2,2]↕[3,3,4,4,5]⋚
587↕李老头↕1↕23445↕46↕2↕[2,2,2,2,2]↕[3,3,4,4,5]⋚
588↕胖婶↕2↕23485↕46↕3↕[2,2,2,2,2]↕[3,3,4,4,5]⋚
589↕刘春花↕3↕23525↕46↕4↕[2,2,2,2,2]↕[3,3,4,4,5]⋚
590↕港姐↕4↕23565↕46↕5↕[2,2,2,2,2]↕[3,3,4,4,5]⋚
591↕小帅↕5↕23605↕46↕6↕[2,2,2,2,2]↕[3,3,4,4,5]⋚
592↕晓峰↕6↕23645↕46↕7↕[2,2,2,2,2]↕[3,3,4,4,5]⋚
593↕赵大刚↕7↕23685↕46↕8↕[2,2,2,2,2]↕[3,3,4,4,5]⋚
594↕陈叔↕8↕23725↕46↕9↕[2,2,2,2,2]↕[3,3,4,4,5]⋚
595↕小丽姐↕9↕23765↕46↕10↕[2,2,2,2,2]↕[3,3,4,4,5]⋚
596↕老李↕10↕23805↕46↕11↕[2,2,2,2,2]↕[3,3,4,4,5]⋚
597↕铁哥↕11↕23845↕46↕12↕[2,2,2,2,2]↕[3,3,4,4,5]⋚
598↕春花↕12↕23885↕46↕13↕[2,2,2,2,2]↕[3,3,4,4,5]⋚
599↕白姨↕13↕23925↕47↕1↕[2,2,2,2,2]↕[3,3,4,4,5]⋚
600↕大娘↕14↕23965↕47↕2↕[2,2,2,2,2]↕[3,3,4,4,5]⋚
601↕秋姐↕15↕24005↕47↕3↕[2,2,2,2,2]↕[3,3,4,4,5]⋚
602↕桂花↕16↕24045↕47↕4↕[2,2,2,2,2]↕[3,3,4,4,5]⋚
603↕陈永贵↕17↕24085↕47↕5↕[2,2,2,2,2]↕[3,3,4,4,5]⋚
604↕赵春燕↕18↕24125↕47↕6↕[2,2,2,2,2]↕[3,3,4,4,5]⋚
605↕焦叔↕19↕24165↕47↕7↕[2,2,2,2,2]↕[3,3,4,4,5]⋚
606↕柳如花↕20↕24205↕47↕8↕[2,2,2,2,2]↕[3,3,4,4,5]⋚
607↕大爷↕1↕24245↕47↕9↕[2,2,2,2,2]↕[3,3,4,4,5]⋚
608↕大婶↕2↕24285↕47↕10↕[2,2,2,2,2]↕[3,3,4,4,5]⋚
609↕秋枝↕3↕24325↕47↕11↕[2,2,2,2,2]↕[3,3,4,4,5]⋚
610↕空姐↕4↕24365↕47↕12↕[2,2,2,2,2]↕[3,3,4,4,5]⋚
611↕王小虎↕5↕24405↕47↕13↕[2,2,2,2,2]↕[3,3,4,4,5]⋚
612↕小凡↕6↕24445↕48↕1↕[2,2,2,2,2]↕[3,3,4,4,5]⋚
613↕陈建军↕7↕24485↕48↕2↕[2,2,2,2,2]↕[3,3,4,4,5]⋚
614↕郭叔↕8↕24525↕48↕3↕[2,2,2,2,2]↕[3,3,4,4,5]⋚
615↕梅姐↕9↕24565↕48↕4↕[2,2,2,2,2]↕[3,3,4,4,5]⋚
616↕铁头↕10↕24605↕48↕5↕[2,2,2,2,2]↕[3,3,4,4,5]⋚
617↕强哥↕11↕24645↕48↕6↕[2,2,2,2,2]↕[3,3,4,4,5]⋚
618↕胖姐↕12↕24685↕48↕7↕[2,2,2,2,2]↕[3,3,4,4,5]⋚
619↕陈阿姨↕13↕24725↕48↕8↕[2,2,2,2,2]↕[3,3,4,4,5]⋚
620↕陈婶↕14↕24765↕48↕9↕[2,2,2,2,2]↕[3,3,4,4,5]⋚
621↕乐乐姐↕15↕24805↕48↕10↕[2,2,2,2,2]↕[3,3,4,4,5]⋚
622↕招娣↕16↕24845↕48↕11↕[2,2,2,2,2]↕[3,3,4,4,5]⋚
623↕刚叔↕17↕24885↕48↕12↕[2,2,2,2,2]↕[3,3,4,4,5]⋚
624↕吴翠花↕18↕24925↕48↕13↕[2,2,2,2,2]↕[3,3,4,4,5]