1в†•[1,2,3,4,5,6,7,8,9,10,11,12,13,14,15,16,17,18,19,20,0]в†•60в‹љ
2в†•[1,2,3,4,5,6,7,8,9,10,0,0,0,0,0,0,0,0,0,0,0]в†•120в‹љ
3в†•[11,12,13,14,15,16,17,18,19,20,0,0,0,0,0,0,0,0,0,0,0]в†•180в‹љ
4в†•[1,2,3,4,5,6,0,0,0,0,0,0,0,0,0,0,0]в†•180в‹љ
5в†•[7,8,9,10,11,12,0,0,0,0,0,0,0,0,0,0,0]в†•240в‹љ
6в†•[13,14,15,16,17,18,0,0,0,0,0,0,0,0,0,0,0]в†•240в‹љ
7в†•[1,2,3,4,5,6,0,0,0,0,0,0,0,0,0,0,0]в†•300в‹љ
8в†•[7,8,9,10,11,12,0,0,0,0,0,0,0,0,0,0,0]в†•300в‹љ
9в†•[13,14,15,16,17,18,0,0,0,0,0,0,0,0,0,0,0]в†•300в‹љ
10в†•[1,2,3,4,5,6,0,0,0,0,0,0,0,0,0,0,0]в†•300в‹љ
11в†•[7,8,9,10,11,12,0,0,0,0,0,0,0,0,0,0,0]в†•300в‹љ
12в†•[13,14,15,16,17,18,0,0,0,0,0,0,0,0,0,0,0]в†•300в‹љ
13в†•[1,2,3,4,5,6,0,0,0,0,0,0,0,0,0,0,0]в†•300в‹љ
14в†•[7,8,9,10,11,12,0,0,0,0,0,0,0,0,0,0,0]в†•300в‹љ
15в†•[13,14,15,16,17,18,0,0,0,0,0,0,0,0,0,0,0]в†•300в‹љ
16в†•[1,2,3,4,5,6,0,0,0,0,0,0,0,0,0,0,0]в†•300в‹љ
17в†•[7,8,9,10,11,12,0,0,0,0,0,0,0,0,0,0,0]в†•300в‹љ
18в†•[13,14,15,16,17,18,0,0,0,0,0,0,0,0,0,0,0]в†•300в‹љ
19в†•[1,2,3,4,5,6,0,0,0,0,0,0,0,0,0,0,0]в†•300в‹љ
20в†•[7,8,9,10,11,12,0,0,0,0,0,0,0,0,0,0,0]в†•300в‹љ
21в†•[13,14,15,16,17,18,0,0,0,0,0,0,0,0,0,0,0]в†•300в‹љ
22в†•[1,2,3,4,5,6,0,0,0,0,0,0,0,0,0,0,0]в†•300в‹љ
23в†•[7,8,9,10,11,12,0,0,0,0,0,0,0,0,0,0,0]в†•300в‹љ
24в†•[13,14,15,16,17,18,0,0,0,0,0,0,0,0,0,0,0]в†•300в‹љ
25в†•[1,2,3,4,5,6,0,0,0,0,0,0,0,0,0,0,0]в†•300в‹љ
26в†•[7,8,9,10,11,12,0,0,0,0,0,0,0,0,0,0,0]в†•300в‹љ
27в†•[13,14,15,16,17,18,0,0,0,0,0,0,0,0,0,0,0]в†•300в‹љ
28в†•[1,2,3,4,5,6,0,0,0,0,0,0,0,0,0,0,0]в†•300в‹љ
29в†•[7,8,9,10,11,12,0,0,0,0,0,0,0,0,0,0,0]в†•300в‹љ
30в†•[13,14,15,16,17,18,0,0,0,0,0,0,0,0,0,0,0]в†•300в‹љ
31в†•[1,2,3,4,5,6,0,0,0,0,0,0,0,0,0,0,0]в†•300в‹љ
32в†•[7,8,9,10,11,12,0,0,0,0,0,0,0,0,0,0,0]в†•300в‹љ
33в†•[13,14,15,16,17,18,0,0,0,0,0,0,0,0,0,0,0]в†•300в‹љ
34в†•[1,2,3,4,5,6,0,0,0,0,0,0,0,0,0,0,0]в†•300в‹љ
35в†•[7,8,9,10,11,12,0,0,0,0,0,0,0,0,0,0,0]в†•300в‹љ
36в†•[13,14,15,16,17,18,0,0,0,0,0,0,0,0,0,0,0]в†•300в‹љ
37в†•[1,2,3,4,5,6,0,0,0,0,0,0,0,0,0,0,0]в†•300в‹љ
38в†•[7,8,9,10,11,12,0,0,0,0,0,0,0,0,0,0,0]в†•300в‹љ
39в†•[13,14,15,16,17,18,0,0,0,0,0,0,0,0,0,0,0]в†•300в‹љ
40в†•[1,2,3,4,5,6,0,0,0,0,0,0,0,0,0,0,0]в†•300в‹љ
41в†•[7,8,9,10,11,12,0,0,0,0,0,0,0,0,0,0,0]в†•300в‹љ
42в†•[13,14,15,16,17,18,0,0,0,0,0,0,0,0,0,0,0]в†•300в‹љ
43в†•[1,2,3,4,5,6,0,0,0,0,0,0,0,0,0,0,0]в†•300в‹љ
44в†•[7,8,9,10,11,12,0,0,0,0,0,0,0,0,0,0,0]в†•300в‹љ
45в†•[13,14,15,16,17,18,0,0,0,0,0,0,0,0,0,0,0]в†•300в‹љ
46в†•[1,2,3,4,5,6,0,0,0,0,0,0,0,0,0,0,0]в†•300в‹љ
47в†•[7,8,9,10,11,12,0,0,0,0,0,0,0,0,0,0,0]в†•300в‹љ
48в†•[13,14,15,16,17,18,0,0,0,0,0,0,0,0,0,0,0]в†•300в‹љ
49в†•[1,2,3,4,5,6,0,0,0,0,0,0,0,0,0,0,0]в†•300в‹љ
50в†•[7,8,9,10,11,12,0,0,0,0,0,0,0,0,0,0,0]в†•300в‹љ
51в†•[13,14,15,16,17,18,0,0,0,0,0,0,0,0,0,0,0]в†•300в‹љ
52в†•[1,2,3,4,5,6,0,0,0,0,0,0,0,0,0,0,0]в†•300в‹љ
53в†•[7,8,9,10,11,12,0,0,0,0,0,0,0,0,0,0,0]в†•300в‹љ
54в†•[13,14,15,16,17,18,0,0,0,0,0,0,0,0,0,0,0]в†•300в‹љ
55в†•[1,2,3,4,5,6,0,0,0,0,0,0,0,0,0,0,0]в†•300в‹љ
56в†•[7,8,9,10,11,12,0,0,0,0,0,0,0,0,0,0,0]в†•300в‹љ
57в†•[13,14,15,16,17,18,0,0,0,0,0,0,0,0,0,0,0]в†•300в‹љ
58в†•[1,2,3,4,5,6,0,0,0,0,0,0,0,0,0,0,0]в†•300в‹љ
59в†•[7,8,9,10,11,12,0,0,0,0,0,0,0,0,0,0,0]в†•300в‹љ
60в†•[13,14,15,16,17,18,0,0,0,0,0,0,0,0,0,0,0]в†•300в‹љ
61в†•[1,2,3,4,5,6,0,0,0,0,0,0,0,0,0,0,0]в†•300в‹љ
62в†•[7,8,9,10,11,12,0,0,0,0,0,0,0,0,0,0,0]в†•300в‹љ
63в†•[13,14,15,16,17,18,0,0,0,0,0,0,0,0,0,0,0]в†•300в‹љ
64в†•[1,2,3,4,5,6,0,0,0,0,0,0,0,0,0,0,0]в†•300в‹љ
65в†•[7,8,9,10,11,12,0,0,0,0,0,0,0,0,0,0,0]в†•300в‹љ
66в†•[13,14,15,16,17,18,0,0,0,0,0,0,0,0,0,0,0]в†•300в‹љ
67в†•[1,2,3,4,5,6,0,0,0,0,0,0,0,0,0,0,0]в†•300в‹љ
68в†•[7,8,9,10,11,12,0,0,0,0,0,0,0,0,0,0,0]в†•300в‹љ
69в†•[13,14,15,16,17,18,0,0,0,0,0,0,0,0,0,0,0]в†•300в‹љ
70в†•[1,2,3,4,5,6,0,0,0,0,0,0,0,0,0,0,0]в†•300в‹љ
71в†•[7,8,9,10,11,12,0,0,0,0,0,0,0,0,0,0,0]в†•300в‹љ
72в†•[13,14,15,16,17,18,0,0,0,0,0,0,0,0,0,0,0]в†•300в‹љ
73в†•[1,2,3,4,5,6,0,0,0,0,0,0,0,0,0,0,0]в†•300в‹љ
74в†•[7,8,9,10,11,12,0,0,0,0,0,0,0,0,0,0,0]в†•300в‹љ
75в†•[13,14,15,16,17,18,0,0,0,0,0,0,0,0,0,0,0]в†•300в‹љ
76в†•[1,2,3,4,5,6,0,0,0,0,0,0,0,0,0,0,0]в†•300в‹љ
77в†•[7,8,9,10,11,12,0,0,0,0,0,0,0,0,0,0,0]в†•300в‹љ
78в†•[13,14,15,16,17,18,0,0,0,0,0,0,0,0,0,0,0]в†•300