1↕抽水泵↕1↕1↕30↕2↕4↕[76,152,228,304,380]↕1↕1↕2↕3↕4↕5↕76⋚
2↕闸门↕2↕2↕70↕2↕4↕[202,404,606,808,1010]↕1↕1↕2↕3↕4↕5↕202⋚
3↕排水管↕3↕3↕110↕2↕4↕[756,1134,1512,1890,2268]↕1↕2↕3↕4↕5↕6↕378⋚
4↕闸口水泥墩↕4↕4↕150↕2↕4↕[1216,1824,2432,3040,3648]↕1↕2↕3↕4↕5↕6↕608⋚
5↕绿化带↕5↕5↕190↕2↕4↕[2655,3540,4425,6195,7080]↕1↕3↕4↕5↕7↕8↕885⋚
6↕广播喇叭↕6↕6↕230↕2↕4↕[3636,4848,6060,8484,10908]↕1↕3↕4↕5↕7↕9↕1212⋚
7↕夜间照明灯↕7↕7↕270↕2↕4↕[4788,6384,7980,11172,15960]↕1↕3↕4↕5↕7↕10↕1596⋚
8↕救生圈↕8↕8↕310↕2↕4↕[6072,8096,10120,16192,22264]↕1↕3↕4↕5↕8↕11↕2024⋚
9↕消防栓↕9↕9↕350↕2↕4↕[7506,10008,12510,20016,30024]↕1↕3↕4↕5↕8↕12↕2502⋚
10↕港口缆绳↕10↕10↕390↕2↕4↕[9120,12160,15200,24320,36480]↕1↕3↕4↕5↕8↕12↕3040⋚
11↕冲洗水枪↕11↕11↕430↕2↕4↕[10857,14476,18095,28952,43428]↕1↕3↕4↕5↕8↕12↕3619⋚
12↕吊机↕12↕12↕470↕2↕4↕[12744,16992,21240,33984,50976]↕1↕3↕4↕5↕8↕12↕4248⋚
13↕安全栏杆↕13↕13↕510↕2↕4↕[14820,19760,24700,39520,59280]↕1↕3↕4↕5↕8↕12↕4940⋚
14↕抽水泵↕1↕1↕550↕2↕4↕[17010,22680,28350,45360,68040]↕2↕3↕4↕5↕8↕12↕5670⋚
15↕闸门↕2↕2↕590↕2↕4↕[19350,25800,32250,51600,77400]↕2↕3↕4↕5↕8↕12↕6450⋚
16↕排水管↕3↕3↕630↕2↕4↕[21888,29184,36480,58368,87552]↕2↕3↕4↕5↕8↕12↕7296⋚
17↕闸口水泥墩↕4↕4↕670↕2↕4↕[24531,32708,40885,65416,98124]↕2↕3↕4↕5↕8↕12↕8177⋚
18↕绿化带↕5↕5↕710↕2↕4↕[27378,36504,45630,73008,109512]↕2↕3↕4↕5↕8↕12↕9126⋚
19↕广播喇叭↕6↕6↕750↕2↕4↕[30324,40432,50540,80864,121296]↕2↕3↕4↕5↕8↕12↕10108⋚
20↕夜间照明灯↕7↕7↕790↕2↕4↕[33420,44560,55700,89120,133680]↕2↕3↕4↕5↕8↕12↕11140⋚
21↕救生圈↕8↕8↕830↕2↕4↕[36729,48972,61215,97944,146916]↕2↕3↕4↕5↕8↕12↕12243⋚
22↕消防栓↕9↕9↕870↕2↕4↕[40128,53504,66880,107008,160512]↕2↕3↕4↕5↕8↕12↕13376⋚
23↕港口缆绳↕10↕10↕910↕2↕4↕[43677,58236,72795,116472,174708]↕2↕3↕4↕5↕8↕12↕14559⋚
24↕冲洗水枪↕11↕11↕950↕2↕4↕[47448,63264,79080,126528,189792]↕2↕3↕4↕5↕8↕12↕15816⋚
25↕吊机↕12↕12↕990↕2↕4↕[51300,68400,85500,136800,205200]↕2↕3↕4↕5↕8↕12↕17100⋚
26↕安全栏杆↕13↕13↕1030↕2↕4↕[55302,73736,92170,147472,221208]↕2↕3↕4↕5↕8↕12↕18434⋚
27↕抽水泵↕1↕1↕1070↕2↕4↕[59535,79380,99225,158760,238140]↕3↕3↕4↕5↕8↕12↕19845⋚
28↕闸门↕2↕2↕1110↕2↕4↕[63840,85120,106400,170240,255360]↕3↕3↕4↕5↕8↕12↕21280⋚
29↕排水管↕3↕3↕1150↕2↕4↕[68295,91060,113825,182120,273180]↕3↕3↕4↕5↕8↕12↕22765⋚
30↕闸口水泥墩↕4↕4↕1190↕2↕4↕[72990,97320,121650,194640,291960]↕3↕3↕4↕5↕8↕12↕24330⋚
31↕绿化带↕5↕5↕1230↕2↕4↕[77748,103664,129580,207328,310992]↕3↕3↕4↕5↕8↕12↕25916⋚
32↕广播喇叭↕6↕6↕1270↕2↕4↕[82656,110208,137760,220416,330624]↕3↕3↕4↕5↕8↕12↕27552⋚
33↕夜间照明灯↕7↕7↕1310↕2↕4↕[87813,117084,146355,234168,351252]↕3↕3↕4↕5↕8↕12↕29271⋚
34↕救生圈↕8↕8↕1350↕2↕4↕[93024,124032,155040,248064,372096]↕3↕3↕4↕5↕8↕12↕31008⋚
35↕消防栓↕9↕9↕1390↕2↕4↕[98490,131320,164150,262640,393960]↕3↕3↕4↕5↕8↕12↕32830⋚
36↕港口缆绳↕10↕10↕1430↕2↕4↕[104004,138672,173340,277344,416016]↕3↕3↕4↕5↕8↕12↕34668⋚
37↕冲洗水枪↕11↕11↕1470↕2↕4↕[109668,146224,182780,292448,438672]↕3↕3↕4↕5↕8↕12↕36556⋚
38↕吊机↕12↕12↕1510↕2↕4↕[115596,154128,192660,308256,462384]↕3↕3↕4↕5↕8↕12↕38532⋚
39↕安全栏杆↕13↕13↕1550↕2↕4↕[121563,162084,202605,324168,486252]↕3↕3↕4↕5↕8↕12↕40521⋚
40↕抽水泵↕1↕1↕1590↕2↕4↕[127680,170240,212800,340480,510720]↕4↕3↕4↕5↕8↕12↕42560⋚
41↕闸门↕2↕2↕1630↕2↕4↕[134070,178760,223450,357520,536280]↕4↕3↕4↕5↕8↕12↕44690⋚
42↕排水管↕3↕3↕1670↕2↕4↕[140490,187320,234150,374640,561960]↕4↕3↕4↕5↕8↕12↕46830⋚
43↕闸口水泥墩↕4↕4↕1710↕2↕4↕[147060,196080,245100,392160,588240]↕4↕3↕4↕5↕8↕12↕49020⋚
44↕绿化带↕5↕5↕1750↕2↕4↕[153912,205216,256520,410432,615648]↕4↕3↕4↕5↕8↕12↕51304⋚
45↕广播喇叭↕6↕6↕1790↕2↕4↕[160785,214380,267975,428760,643140]↕4↕3↕4↕5↕8↕12↕53595⋚
46↕夜间照明灯↕7↕7↕1830↕2↕4↕[167808,223744,279680,447488,671232]↕4↕3↕4↕5↕8↕12↕55936⋚
47↕救生圈↕8↕8↕1870↕2↕4↕[175122,233496,291870,466992,700488]↕4↕3↕4↕5↕8↕12↕58374⋚
48↕消防栓↕9↕9↕1910↕2↕4↕[182448,243264,304080,486528,729792]↕4↕3↕4↕5↕8↕12↕60816⋚
49↕港口缆绳↕10↕10↕1950↕2↕4↕[189924,253232,316540,506464,759696]↕4↕3↕4↕5↕8↕12↕63308⋚
50↕冲洗水枪↕11↕11↕1990↕2↕4↕[197700,263600,329500,527200,790800]↕4↕3↕4↕5↕8↕12↕65900⋚
51↕吊机↕12↕12↕2030↕2↕4↕[205479,273972,342465,547944,821916]↕4↕3↕4↕5↕8↕12↕68493⋚
52↕安全栏杆↕13↕13↕2070↕2↕4↕[213564,284752,355940,569504,854256]↕4↕3↕4↕5↕8↕12↕71188⋚
53↕抽水泵↕1↕1↕2110↕2↕4↕[221646,295528,369410,591056,886584]↕5↕3↕4↕5↕8↕12↕73882⋚
54↕闸门↕2↕2↕2150↕2↕4↕[229878,306504,383130,613008,919512]↕5↕3↕4↕5↕8↕12↕76626⋚
55↕排水管↕3↕3↕2190↕2↕4↕[238425,317900,397375,635800,953700]↕5↕3↕4↕5↕8↕12↕79475⋚
56↕闸口水泥墩↕4↕4↕2230↕2↕4↕[246960,329280,411600,658560,987840]↕5↕3↕4↕5↕8↕12↕82320⋚
57↕绿化带↕5↕5↕2270↕2↕4↕[255645,340860,426075,681720,1022580]↕5↕3↕4↕5↕8↕12↕85215⋚
58↕广播喇叭↕6↕6↕2310↕2↕4↕[264654,352872,441090,705744,1058616]↕5↕3↕4↕5↕8↕12↕88218⋚
59↕夜间照明灯↕7↕7↕2350↕2↕4↕[273642,364856,456070,729712,1094568]↕5↕3↕4↕5↕8↕12↕91214⋚
60↕救生圈↕8↕8↕2390↕2↕4↕[282780,377040,471300,754080,1131120]↕5↕3↕4↕5↕8↕12↕94260⋚
61↕消防栓↕9↕9↕2430↕2↕4↕[292251,389668,487085,779336,1169004]↕5↕3↕4↕5↕8↕12↕97417⋚
62↕港口缆绳↕10↕10↕2470↕2↕4↕[301692,402256,502820,804512,1206768]↕5↕3↕4↕5↕8↕12↕100564⋚
63↕冲洗水枪↕11↕11↕2510↕2↕4↕[311283,415044,518805,830088,1245132]↕5↕3↕4↕5↕8↕12↕103761⋚
64↕吊机↕12↕12↕2550↕2↕4↕[321216,428288,535360,856576,1284864]↕5↕3↕4↕5↕8↕12↕107072⋚
65↕安全栏杆↕13↕13↕2590↕2↕4↕[331110,441480,551850,882960,1324440]↕5↕3↕4↕5↕8↕12↕110370⋚
66↕抽水泵↕1↕1↕2630↕2↕4↕[341154,454872,568590,909744,1364616]↕6↕3↕4↕5↕8↕12↕113718⋚
67↕闸门↕2↕2↕2670↕2↕4↕[351549,468732,585915,937464,1406196]↕6↕3↕4↕5↕8↕12↕117183⋚
68↕排水管↕3↕3↕2710↕2↕4↕[361896,482528,603160,965056,1447584]↕6↕3↕4↕5↕8↕12↕120632⋚
69↕闸口水泥墩↕4↕4↕2750↕2↕4↕[372600,496800,621000,993600,1490400]↕6↕3↕4↕5↕8↕12↕124200⋚
70↕绿化带↕5↕5↕2790↕2↕4↕[383250,511000,638750,1022000,1533000]↕6↕3↕4↕5↕8↕12↕127750⋚
71↕广播喇叭↕6↕6↕2830↕2↕4↕[394050,525400,656750,1050800,1576200]↕6↕3↕4↕5↕8↕12↕131350⋚
72↕夜间照明灯↕7↕7↕2870↕2↕4↕[405216,540288,675360,1080576,1620864]↕6↕3↕4↕5↕8↕12↕135072⋚
73↕救生圈↕8↕8↕2910↕2↕4↕[416319,555092,693865,1110184,1665276]↕6↕3↕4↕5↕8↕12↕138773⋚
74↕消防栓↕9↕9↕2950↕2↕4↕[427572,570096,712620,1140192,1710288]↕6↕3↕4↕5↕8↕12↕142524⋚
75↕港口缆绳↕10↕10↕2990↕2↕4↕[439200,585600,732000,1171200,1756800]↕6↕3↕4↕5↕8↕12↕146400⋚
76↕冲洗水枪↕11↕11↕3030↕2↕4↕[450756,601008,751260,1202016,1803024]↕6↕3↕4↕5↕8↕12↕150252⋚
77↕吊机↕12↕12↕3070↕2↕4↕[462462,616616,770770,1233232,1849848]↕6↕3↕4↕5↕8↕12↕154154⋚
78↕安全栏杆↕13↕13↕3110↕2↕4↕[474552,632736,790920,1265472,1898208]↕6↕3↕4↕5↕8↕12↕158184⋚
79↕抽水泵↕1↕1↕3150↕2↕4↕[801060,961272,1121484,1281696,1441908]↕7↕5↕6↕7↕8↕9↕160212⋚
80↕闸门↕2↕2↕3190↕2↕4↕[811200,973440,1135680,1297920,1460160]↕7↕5↕6↕7↕8↕9↕162240⋚
81↕排水管↕3↕3↕3230↕2↕4↕[821340,985608,1149876,1314144,1478412]↕7↕5↕6↕7↕8↕9↕164268⋚
82↕闸口水泥墩↕4↕4↕3270↕2↕4↕[831480,997776,1164072,1330368,1496664]↕7↕5↕6↕7↕8↕9↕166296⋚
83↕绿化带↕5↕5↕3310↕2↕4↕[841620,1009944,1178268,1346592,1514916]↕7↕5↕6↕7↕8↕9↕168324⋚
84↕广播喇叭↕6↕6↕3350↕2↕4↕[851760,1022112,1192464,1362816,1533168]↕7↕5↕6↕7↕8↕9↕170352⋚
85↕夜间照明灯↕7↕7↕3390↕2↕4↕[861900,1034280,1206660,1379040,1551420]↕7↕5↕6↕7↕8↕9↕172380⋚
86↕救生圈↕8↕8↕3430↕2↕4↕[872040,1046448,1220856,1395264,1569672]↕7↕5↕6↕7↕8↕9↕174408⋚
87↕消防栓↕9↕9↕3470↕2↕4↕[882180,1058616,1235052,1411488,1587924]↕7↕5↕6↕7↕8↕9↕176436⋚
88↕港口缆绳↕10↕10↕3510↕2↕4↕[892320,1070784,1249248,1427712,1606176]↕7↕5↕6↕7↕8↕9↕178464⋚
89↕冲洗水枪↕11↕11↕3550↕2↕4↕[902460,1082952,1263444,1443936,1624428]↕7↕5↕6↕7↕8↕9↕180492⋚
90↕吊机↕12↕12↕3590↕2↕4↕[912600,1095120,1277640,1460160,1642680]↕7↕5↕6↕7↕8↕9↕182520⋚
91↕安全栏杆↕13↕13↕3630↕2↕4↕[922740,1107288,1291836,1476384,1660932]↕7↕5↕6↕7↕8↕9↕184548⋚
92↕抽水泵↕1↕1↕3670↕2↕4↕[932880,1119456,1306032,1492608,1679184]↕8↕5↕6↕7↕8↕9↕186576⋚
93↕闸门↕2↕2↕3710↕2↕4↕[943020,1131624,1320228,1508832,1697436]↕8↕5↕6↕7↕8↕9↕188604⋚
94↕排水管↕3↕3↕3750↕2↕4↕[953160,1143792,1334424,1525056,1715688]↕8↕5↕6↕7↕8↕9↕190632⋚
95↕闸口水泥墩↕4↕4↕3790↕2↕4↕[963300,1155960,1348620,1541280,1733940]↕8↕5↕6↕7↕8↕9↕192660⋚
96↕绿化带↕5↕5↕3830↕2↕4↕[973440,1168128,1362816,1557504,1752192]↕8↕5↕6↕7↕8↕9↕194688⋚
97↕广播喇叭↕6↕6↕3870↕2↕4↕[983580,1180296,1377012,1573728,1770444]↕8↕5↕6↕7↕8↕9↕196716⋚
98↕夜间照明灯↕7↕7↕3910↕2↕4↕[993720,1192464,1391208,1589952,1788696]↕8↕5↕6↕7↕8↕9↕198744⋚
99↕救生圈↕8↕8↕3950↕2↕4↕[1003860,1204632,1405404,1606176,1806948]↕8↕5↕6↕7↕8↕9↕200772⋚
100↕消防栓↕9↕9↕3990↕2↕4↕[1014000,1216800,1419600,1622400,1825200]↕8↕5↕6↕7↕8↕9↕202800⋚
101↕港口缆绳↕10↕10↕4030↕2↕4↕[1024140,1228968,1433796,1638624,1843452]↕8↕5↕6↕7↕8↕9↕204828⋚
102↕冲洗水枪↕11↕11↕4070↕2↕4↕[1034280,1241136,1447992,1654848,1861704]↕8↕5↕6↕7↕8↕9↕206856⋚
103↕吊机↕12↕12↕4110↕2↕4↕[1044420,1253304,1462188,1671072,1879956]↕8↕5↕6↕7↕8↕9↕208884⋚
104↕安全栏杆↕13↕13↕4150↕2↕4↕[1054560,1265472,1476384,1687296,1898208]↕8↕5↕6↕7↕8↕9↕210912⋚
105↕抽水泵↕1↕1↕4190↕2↕4↕[1064700,1277640,1490580,1703520,1916460]↕9↕5↕6↕7↕8↕9↕212940⋚
106↕闸门↕2↕2↕4230↕2↕4↕[1074840,1289808,1504776,1719744,1934712]↕9↕5↕6↕7↕8↕9↕214968⋚
107↕排水管↕3↕3↕4270↕2↕4↕[1084980,1301976,1518972,1735968,1952964]↕9↕5↕6↕7↕8↕9↕216996⋚
108↕闸口水泥墩↕4↕4↕4310↕2↕4↕[1095120,1314144,1533168,1752192,1971216]↕9↕5↕6↕7↕8↕9↕219024⋚
109↕绿化带↕5↕5↕4350↕2↕4↕[1105260,1326312,1547364,1768416,1989468]↕9↕5↕6↕7↕8↕9↕221052⋚
110↕广播喇叭↕6↕6↕4390↕2↕4↕[1115400,1338480,1561560,1784640,2007720]↕9↕5↕6↕7↕8↕9↕223080⋚
111↕夜间照明灯↕7↕7↕4430↕2↕4↕[1125540,1350648,1575756,1800864,2025972]↕9↕5↕6↕7↕8↕9↕225108⋚
112↕救生圈↕8↕8↕4470↕2↕4↕[1135680,1362816,1589952,1817088,2044224]↕9↕5↕6↕7↕8↕9↕227136⋚
113↕消防栓↕9↕9↕4510↕2↕4↕[1145820,1374984,1604148,1833312,2062476]↕9↕5↕6↕7↕8↕9↕229164⋚
114↕港口缆绳↕10↕10↕4550↕2↕4↕[1155960,1387152,1618344,1849536,2080728]↕9↕5↕6↕7↕8↕9↕231192⋚
115↕冲洗水枪↕11↕11↕4590↕2↕4↕[1166100,1399320,1632540,1865760,2098980]↕9↕5↕6↕7↕8↕9↕233220⋚
116↕吊机↕12↕12↕4630↕2↕4↕[1176240,1411488,1646736,1881984,2117232]↕9↕5↕6↕7↕8↕9↕235248⋚
117↕安全栏杆↕13↕13↕4670↕2↕4↕[1186380,1423656,1660932,1898208,2135484]↕9↕5↕6↕7↕8↕9↕237276⋚
118↕抽水泵↕1↕1↕4710↕2↕4↕[1196520,1435824,1675128,1914432,2153736]↕10↕5↕6↕7↕8↕9↕239304⋚
119↕闸门↕2↕2↕4750↕2↕4↕[1206660,1447992,1689324,1930656,2171988]↕10↕5↕6↕7↕8↕9↕241332⋚
120↕排水管↕3↕3↕4790↕2↕4↕[1216800,1460160,1703520,1946880,2190240]↕10↕5↕6↕7↕8↕9↕243360⋚
121↕闸口水泥墩↕4↕4↕4830↕2↕4↕[1226940,1472328,1717716,1963104,2208492]↕10↕5↕6↕7↕8↕9↕245388⋚
122↕绿化带↕5↕5↕4870↕2↕4↕[1237080,1484496,1731912,1979328,2226744]↕10↕5↕6↕7↕8↕9↕247416⋚
123↕广播喇叭↕6↕6↕4910↕2↕4↕[1247220,1496664,1746108,1995552,2244996]↕10↕5↕6↕7↕8↕9↕249444⋚
124↕夜间照明灯↕7↕7↕4950↕2↕4↕[1257360,1508832,1760304,2011776,2263248]↕10↕5↕6↕7↕8↕9↕251472⋚
125↕救生圈↕8↕8↕4990↕2↕4↕[1267500,1521000,1774500,2028000,2281500]↕10↕5↕6↕7↕8↕9↕253500⋚
126↕消防栓↕9↕9↕5030↕2↕4↕[1277640,1533168,1788696,2044224,2299752]↕10↕5↕6↕7↕8↕9↕255528⋚
127↕港口缆绳↕10↕10↕5070↕2↕4↕[1287780,1545336,1802892,2060448,2318004]↕10↕5↕6↕7↕8↕9↕257556⋚
128↕冲洗水枪↕11↕11↕5110↕2↕4↕[1297920,1557504,1817088,2076672,2336256]↕10↕5↕6↕7↕8↕9↕259584⋚
129↕吊机↕12↕12↕5150↕2↕4↕[1308060,1569672,1831284,2092896,2354508]↕10↕5↕6↕7↕8↕9↕261612⋚
130↕安全栏杆↕13↕13↕5190↕2↕4↕[1318200,1581840,1845480,2109120,2372760]↕10↕5↕6↕7↕8↕9↕263640⋚
131↕抽水泵↕1↕1↕5230↕2↕4↕[1328340,1594008,1859676,2125344,2391012]↕11↕5↕6↕7↕8↕9↕265668⋚
132↕闸门↕2↕2↕5270↕2↕4↕[1338480,1606176,1873872,2141568,2409264]↕11↕5↕6↕7↕8↕9↕267696⋚
133↕排水管↕3↕3↕5310↕2↕4↕[1348620,1618344,1888068,2157792,2427516]↕11↕5↕6↕7↕8↕9↕269724⋚
134↕闸口水泥墩↕4↕4↕5350↕2↕4↕[1358760,1630512,1902264,2174016,2445768]↕11↕5↕6↕7↕8↕9↕271752⋚
135↕绿化带↕5↕5↕5390↕2↕4↕[1368900,1642680,1916460,2190240,2464020]↕11↕5↕6↕7↕8↕9↕273780⋚
136↕广播喇叭↕6↕6↕5430↕2↕4↕[1379040,1654848,1930656,2206464,2482272]↕11↕5↕6↕7↕8↕9↕275808⋚
137↕夜间照明灯↕7↕7↕5470↕2↕4↕[1389180,1667016,1944852,2222688,2500524]↕11↕5↕6↕7↕8↕9↕277836⋚
138↕救生圈↕8↕8↕5510↕2↕4↕[1399320,1679184,1959048,2238912,2518776]↕11↕5↕6↕7↕8↕9↕279864⋚
139↕消防栓↕9↕9↕5550↕2↕4↕[1409460,1691352,1973244,2255136,2537028]↕11↕5↕6↕7↕8↕9↕281892⋚
140↕港口缆绳↕10↕10↕5590↕2↕4↕[1419600,1703520,1987440,2271360,2555280]↕11↕5↕6↕7↕8↕9↕283920⋚
141↕冲洗水枪↕11↕11↕5630↕2↕4↕[1429740,1715688,2001636,2287584,2573532]↕11↕5↕6↕7↕8↕9↕285948⋚
142↕吊机↕12↕12↕5670↕2↕4↕[1439880,1727856,2015832,2303808,2591784]↕11↕5↕6↕7↕8↕9↕287976⋚
143↕安全栏杆↕13↕13↕5710↕2↕4↕[1450020,1740024,2030028,2320032,2610036]↕11↕5↕6↕7↕8↕9↕290004⋚
144↕抽水泵↕1↕1↕5750↕2↕4↕[1460160,1752192,2044224,2336256,2628288]↕12↕5↕6↕7↕8↕9↕292032⋚
145↕闸门↕2↕2↕5790↕2↕4↕[1470300,1764360,2058420,2352480,2646540]↕12↕5↕6↕7↕8↕9↕294060⋚
146↕排水管↕3↕3↕5830↕2↕4↕[1480440,1776528,2072616,2368704,2664792]↕12↕5↕6↕7↕8↕9↕296088⋚
147↕闸口水泥墩↕4↕4↕5870↕2↕4↕[1490580,1788696,2086812,2384928,2683044]↕12↕5↕6↕7↕8↕9↕298116⋚
148↕绿化带↕5↕5↕5910↕2↕4↕[1500720,1800864,2101008,2401152,2701296]↕12↕5↕6↕7↕8↕9↕300144⋚
149↕广播喇叭↕6↕6↕5950↕2↕4↕[1510860,1813032,2115204,2417376,2719548]↕12↕5↕6↕7↕8↕9↕302172⋚
150↕夜间照明灯↕7↕7↕5990↕2↕4↕[1521000,1825200,2129400,2433600,2737800]↕12↕5↕6↕7↕8↕9↕304200⋚
151↕救生圈↕8↕8↕6030↕2↕4↕[1531140,1837368,2143596,2449824,2756052]↕12↕5↕6↕7↕8↕9↕306228⋚
152↕消防栓↕9↕9↕6070↕2↕4↕[1541280,1849536,2157792,2466048,2774304]↕12↕5↕6↕7↕8↕9↕308256⋚
153↕港口缆绳↕10↕10↕6110↕2↕4↕[1551420,1861704,2171988,2482272,2792556]↕12↕5↕6↕7↕8↕9↕310284⋚
154↕冲洗水枪↕11↕11↕6150↕2↕4↕[1561560,1873872,2186184,2498496,2810808]↕12↕5↕6↕7↕8↕9↕312312⋚
155↕吊机↕12↕12↕6190↕2↕4↕[1571700,1886040,2200380,2514720,2829060]↕12↕5↕6↕7↕8↕9↕314340⋚
156↕安全栏杆↕13↕13↕6230↕2↕4↕[1581840,1898208,2214576,2530944,2847312]↕12↕5↕6↕7↕8↕9↕316368⋚
157↕抽水泵↕1↕1↕6270↕2↕4↕[1591980,1910376,2228772,2547168,2865564]↕13↕5↕6↕7↕8↕9↕318396⋚
158↕闸门↕2↕2↕6310↕2↕4↕[1602120,1922544,2242968,2563392,2883816]↕13↕5↕6↕7↕8↕9↕320424⋚
159↕排水管↕3↕3↕6350↕2↕4↕[1612260,1934712,2257164,2579616,2902068]↕13↕5↕6↕7↕8↕9↕322452⋚
160↕闸口水泥墩↕4↕4↕6390↕2↕4↕[1622400,1946880,2271360,2595840,2920320]↕13↕5↕6↕7↕8↕9↕324480⋚
161↕绿化带↕5↕5↕6430↕2↕4↕[1632540,1959048,2285556,2612064,2938572]↕13↕5↕6↕7↕8↕9↕326508⋚
162↕广播喇叭↕6↕6↕6470↕2↕4↕[1642680,1971216,2299752,2628288,2956824]↕13↕5↕6↕7↕8↕9↕328536⋚
163↕夜间照明灯↕7↕7↕6510↕2↕4↕[1652820,1983384,2313948,2644512,2975076]↕13↕5↕6↕7↕8↕9↕330564⋚
164↕救生圈↕8↕8↕6550↕2↕4↕[1662960,1995552,2328144,2660736,2993328]↕13↕5↕6↕7↕8↕9↕332592⋚
165↕消防栓↕9↕9↕6590↕2↕4↕[1673100,2007720,2342340,2676960,3011580]↕13↕5↕6↕7↕8↕9↕334620⋚
166↕港口缆绳↕10↕10↕6630↕2↕4↕[1683240,2019888,2356536,2693184,3029832]↕13↕5↕6↕7↕8↕9↕336648⋚
167↕冲洗水枪↕11↕11↕6670↕2↕4↕[1693380,2032056,2370732,2709408,3048084]↕13↕5↕6↕7↕8↕9↕338676⋚
168↕吊机↕12↕12↕6710↕2↕4↕[1703520,2044224,2384928,2725632,3066336]↕13↕5↕6↕7↕8↕9↕340704⋚
169↕安全栏杆↕13↕13↕6750↕2↕4↕[1713660,2056392,2399124,2741856,3084588]↕13↕5↕6↕7↕8↕9↕342732⋚
170↕抽水泵↕1↕1↕6790↕2↕4↕[1723800,2068560,2413320,2758080,3102840]↕14↕5↕6↕7↕8↕9↕344760⋚
171↕闸门↕2↕2↕6830↕2↕4↕[1733940,2080728,2427516,2774304,3121092]↕14↕5↕6↕7↕8↕9↕346788⋚
172↕排水管↕3↕3↕6870↕2↕4↕[1744080,2092896,2441712,2790528,3139344]↕14↕5↕6↕7↕8↕9↕348816⋚
173↕闸口水泥墩↕4↕4↕6910↕2↕4↕[1754220,2105064,2455908,2806752,3157596]↕14↕5↕6↕7↕8↕9↕350844⋚
174↕绿化带↕5↕5↕6950↕2↕4↕[1764360,2117232,2470104,2822976,3175848]↕14↕5↕6↕7↕8↕9↕352872⋚
175↕广播喇叭↕6↕6↕6990↕2↕4↕[1774500,2129400,2484300,2839200,3194100]↕14↕5↕6↕7↕8↕9↕354900⋚
176↕夜间照明灯↕7↕7↕7030↕2↕4↕[1784640,2141568,2498496,2855424,3212352]↕14↕5↕6↕7↕8↕9↕356928⋚
177↕救生圈↕8↕8↕7070↕2↕4↕[1794780,2153736,2512692,2871648,3230604]↕14↕5↕6↕7↕8↕9↕358956⋚
178↕消防栓↕9↕9↕7110↕2↕4↕[1804920,2165904,2526888,2887872,3248856]↕14↕5↕6↕7↕8↕9↕360984⋚
179↕港口缆绳↕10↕10↕7150↕2↕4↕[1815060,2178072,2541084,2904096,3267108]↕14↕5↕6↕7↕8↕9↕363012⋚
180↕冲洗水枪↕11↕11↕7190↕2↕4↕[1825200,2190240,2555280,2920320,3285360]↕14↕5↕6↕7↕8↕9↕365040⋚
181↕吊机↕12↕12↕7230↕2↕4↕[1835340,2202408,2569476,2936544,3303612]↕14↕5↕6↕7↕8↕9↕367068⋚
182↕安全栏杆↕13↕13↕7270↕2↕4↕[1845480,2214576,2583672,2952768,3321864]↕14↕5↕6↕7↕8↕9↕369096⋚
183↕抽水泵↕1↕1↕7310↕2↕4↕[1855620,2226744,2597868,2968992,3340116]↕15↕5↕6↕7↕8↕9↕371124⋚
184↕闸门↕2↕2↕7350↕2↕4↕[1865760,2238912,2612064,2985216,3358368]↕15↕5↕6↕7↕8↕9↕373152⋚
185↕排水管↕3↕3↕7390↕2↕4↕[1875900,2251080,2626260,3001440,3376620]↕15↕5↕6↕7↕8↕9↕375180⋚
186↕闸口水泥墩↕4↕4↕7430↕2↕4↕[1886040,2263248,2640456,3017664,3394872]↕15↕5↕6↕7↕8↕9↕377208⋚
187↕绿化带↕5↕5↕7470↕2↕4↕[1896180,2275416,2654652,3033888,3413124]↕15↕5↕6↕7↕8↕9↕379236⋚
188↕广播喇叭↕6↕6↕7510↕2↕4↕[1906320,2287584,2668848,3050112,3431376]↕15↕5↕6↕7↕8↕9↕381264⋚
189↕夜间照明灯↕7↕7↕7550↕2↕4↕[1916460,2299752,2683044,3066336,3449628]↕15↕5↕6↕7↕8↕9↕383292⋚
190↕救生圈↕8↕8↕7590↕2↕4↕[1926600,2311920,2697240,3082560,3467880]↕15↕5↕6↕7↕8↕9↕385320⋚
191↕消防栓↕9↕9↕7630↕2↕4↕[1936740,2324088,2711436,3098784,3486132]↕15↕5↕6↕7↕8↕9↕387348⋚
192↕港口缆绳↕10↕10↕7670↕2↕4↕[1946880,2336256,2725632,3115008,3504384]↕15↕5↕6↕7↕8↕9↕389376⋚
193↕冲洗水枪↕11↕11↕7710↕2↕4↕[1957020,2348424,2739828,3131232,3522636]↕15↕5↕6↕7↕8↕9↕391404⋚
194↕吊机↕12↕12↕7750↕2↕4↕[1967160,2360592,2754024,3147456,3540888]↕15↕5↕6↕7↕8↕9↕393432⋚
195↕安全栏杆↕13↕13↕7790↕2↕4↕[1977300,2372760,2768220,3163680,3559140]↕15↕5↕6↕7↕8↕9↕395460⋚
196↕抽水泵↕1↕1↕7830↕2↕4↕[1987440,2384928,2782416,3179904,3577392]↕16↕5↕6↕7↕8↕9↕397488⋚
197↕闸门↕2↕2↕7870↕2↕4↕[1997580,2397096,2796612,3196128,3595644]↕16↕5↕6↕7↕8↕9↕399516⋚
198↕排水管↕3↕3↕7910↕2↕4↕[2007720,2409264,2810808,3212352,3613896]↕16↕5↕6↕7↕8↕9↕401544⋚
199↕闸口水泥墩↕4↕4↕7950↕2↕4↕[2017860,2421432,2825004,3228576,3632148]↕16↕5↕6↕7↕8↕9↕403572⋚
200↕绿化带↕5↕5↕7990↕2↕4↕[2028000,2433600,2839200,3244800,3650400]↕16↕5↕6↕7↕8↕9↕405600⋚
201↕广播喇叭↕6↕6↕8030↕2↕4↕[2038140,2445768,2853396,3261024,3668652]↕16↕5↕6↕7↕8↕9↕407628⋚
202↕夜间照明灯↕7↕7↕8070↕2↕4↕[2048280,2457936,2867592,3277248,3686904]↕16↕5↕6↕7↕8↕9↕409656⋚
203↕救生圈↕8↕8↕8110↕2↕4↕[2058420,2470104,2881788,3293472,3705156]↕16↕5↕6↕7↕8↕9↕411684⋚
204↕消防栓↕9↕9↕8150↕2↕4↕[2068560,2482272,2895984,3309696,3723408]↕16↕5↕6↕7↕8↕9↕413712⋚
205↕港口缆绳↕10↕10↕8190↕2↕4↕[2078700,2494440,2910180,3325920,3741660]↕16↕5↕6↕7↕8↕9↕415740⋚
206↕冲洗水枪↕11↕11↕8230↕2↕4↕[2088840,2506608,2924376,3342144,3759912]↕16↕5↕6↕7↕8↕9↕417768⋚
207↕吊机↕12↕12↕8270↕2↕4↕[2098980,2518776,2938572,3358368,3778164]↕16↕5↕6↕7↕8↕9↕419796⋚
208↕安全栏杆↕13↕13↕8310↕2↕4↕[2109120,2530944,2952768,3374592,3796416]↕16↕5↕6↕7↕8↕9↕421824⋚
209↕抽水泵↕1↕1↕8350↕2↕4↕[2119260,2543112,2966964,3390816,3814668]↕17↕5↕6↕7↕8↕9↕423852⋚
210↕闸门↕2↕2↕8390↕2↕4↕[2129400,2555280,2981160,3407040,3832920]↕17↕5↕6↕7↕8↕9↕425880⋚
211↕排水管↕3↕3↕8430↕2↕4↕[2139540,2567448,2995356,3423264,3851172]↕17↕5↕6↕7↕8↕9↕427908⋚
212↕闸口水泥墩↕4↕4↕8470↕2↕4↕[2149680,2579616,3009552,3439488,3869424]↕17↕5↕6↕7↕8↕9↕429936⋚
213↕绿化带↕5↕5↕8510↕2↕4↕[2159820,2591784,3023748,3455712,3887676]↕17↕5↕6↕7↕8↕9↕431964⋚
214↕广播喇叭↕6↕6↕8550↕2↕4↕[2169960,2603952,3037944,3471936,3905928]↕17↕5↕6↕7↕8↕9↕433992⋚
215↕夜间照明灯↕7↕7↕8590↕2↕4↕[2180100,2616120,3052140,3488160,3924180]↕17↕5↕6↕7↕8↕9↕436020⋚
216↕救生圈↕8↕8↕8630↕2↕4↕[2190240,2628288,3066336,3504384,3942432]↕17↕5↕6↕7↕8↕9↕438048⋚
217↕消防栓↕9↕9↕8670↕2↕4↕[2200380,2640456,3080532,3520608,3960684]↕17↕5↕6↕7↕8↕9↕440076⋚
218↕港口缆绳↕10↕10↕8710↕2↕4↕[2210520,2652624,3094728,3536832,3978936]↕17↕5↕6↕7↕8↕9↕442104⋚
219↕冲洗水枪↕11↕11↕8750↕2↕4↕[2220660,2664792,3108924,3553056,3997188]↕17↕5↕6↕7↕8↕9↕444132⋚
220↕吊机↕12↕12↕8790↕2↕4↕[2230800,2676960,3123120,3569280,4015440]↕17↕5↕6↕7↕8↕9↕446160⋚
221↕安全栏杆↕13↕13↕8830↕2↕4↕[2240940,2689128,3137316,3585504,4033692]↕17↕5↕6↕7↕8↕9↕448188⋚
222↕抽水泵↕1↕1↕8870↕2↕4↕[2251080,2701296,3151512,3601728,4051944]↕18↕5↕6↕7↕8↕9↕450216⋚
223↕闸门↕2↕2↕8910↕2↕4↕[2261220,2713464,3165708,3617952,4070196]↕18↕5↕6↕7↕8↕9↕452244⋚
224↕排水管↕3↕3↕8950↕2↕4↕[2271360,2725632,3179904,3634176,4088448]↕18↕5↕6↕7↕8↕9↕454272⋚
225↕闸口水泥墩↕4↕4↕8990↕2↕4↕[2281500,2737800,3194100,3650400,4106700]↕18↕5↕6↕7↕8↕9↕456300⋚
226↕绿化带↕5↕5↕9030↕2↕4↕[2291640,2749968,3208296,3666624,4124952]↕18↕5↕6↕7↕8↕9↕458328⋚
227↕广播喇叭↕6↕6↕9070↕2↕4↕[2301780,2762136,3222492,3682848,4143204]↕18↕5↕6↕7↕8↕9↕460356⋚
228↕夜间照明灯↕7↕7↕9110↕2↕4↕[2311920,2774304,3236688,3699072,4161456]↕18↕5↕6↕7↕8↕9↕462384⋚
229↕救生圈↕8↕8↕9150↕2↕4↕[2322060,2786472,3250884,3715296,4179708]↕18↕5↕6↕7↕8↕9↕464412⋚
230↕消防栓↕9↕9↕9190↕2↕4↕[2332200,2798640,3265080,3731520,4197960]↕18↕5↕6↕7↕8↕9↕466440⋚
231↕港口缆绳↕10↕10↕9230↕2↕4↕[2342340,2810808,3279276,3747744,4216212]↕18↕5↕6↕7↕8↕9↕468468⋚
232↕冲洗水枪↕11↕11↕9270↕2↕4↕[2352480,2822976,3293472,3763968,4234464]↕18↕5↕6↕7↕8↕9↕470496⋚
233↕吊机↕12↕12↕9310↕2↕4↕[2362620,2835144,3307668,3780192,4252716]↕18↕5↕6↕7↕8↕9↕472524⋚
234↕安全栏杆↕13↕13↕9350↕2↕4↕[2372760,2847312,3321864,3796416,4270968]↕18↕5↕6↕7↕8↕9↕474552⋚
235↕抽水泵↕1↕1↕9390↕2↕4↕[2382900,2859480,3336060,3812640,4289220]↕19↕5↕6↕7↕8↕9↕476580⋚
236↕闸门↕2↕2↕9430↕2↕4↕[2393040,2871648,3350256,3828864,4307472]↕19↕5↕6↕7↕8↕9↕478608⋚
237↕排水管↕3↕3↕9470↕2↕4↕[2403180,2883816,3364452,3845088,4325724]↕19↕5↕6↕7↕8↕9↕480636⋚
238↕闸口水泥墩↕4↕4↕9510↕2↕4↕[2413320,2895984,3378648,3861312,4343976]↕19↕5↕6↕7↕8↕9↕482664⋚
239↕绿化带↕5↕5↕9550↕2↕4↕[2423460,2908152,3392844,3877536,4362228]↕19↕5↕6↕7↕8↕9↕484692⋚
240↕广播喇叭↕6↕6↕9590↕2↕4↕[2433600,2920320,3407040,3893760,4380480]↕19↕5↕6↕7↕8↕9↕486720⋚
241↕夜间照明灯↕7↕7↕9630↕2↕4↕[2443740,2932488,3421236,3909984,4398732]↕19↕5↕6↕7↕8↕9↕488748⋚
242↕救生圈↕8↕8↕9670↕2↕4↕[2453880,2944656,3435432,3926208,4416984]↕19↕5↕6↕7↕8↕9↕490776⋚
243↕消防栓↕9↕9↕9710↕2↕4↕[2464020,2956824,3449628,3942432,4435236]↕19↕5↕6↕7↕8↕9↕492804⋚
244↕港口缆绳↕10↕10↕9750↕2↕4↕[2474160,2968992,3463824,3958656,4453488]↕19↕5↕6↕7↕8↕9↕494832⋚
245↕冲洗水枪↕11↕11↕9790↕2↕4↕[2484300,2981160,3478020,3974880,4471740]↕19↕5↕6↕7↕8↕9↕496860⋚
246↕吊机↕12↕12↕9830↕2↕4↕[2494440,2993328,3492216,3991104,4489992]↕19↕5↕6↕7↕8↕9↕498888⋚
247↕安全栏杆↕13↕13↕9870↕2↕4↕[2504580,3005496,3506412,4007328,4508244]↕19↕5↕6↕7↕8↕9↕500916⋚
248↕抽水泵↕1↕1↕9910↕2↕4↕[2514720,3017664,3520608,4023552,4526496]↕20↕5↕6↕7↕8↕9↕502944⋚
249↕闸门↕2↕2↕9950↕2↕4↕[2524860,3029832,3534804,4039776,4544748]↕20↕5↕6↕7↕8↕9↕504972⋚
250↕排水管↕3↕3↕9990↕2↕4↕[2535000,3042000,3549000,4056000,4563000]↕20↕5↕6↕7↕8↕9↕507000⋚
251↕闸口水泥墩↕4↕4↕10030↕2↕4↕[2545140,3054168,3563196,4072224,4581252]↕20↕5↕6↕7↕8↕9↕509028⋚
252↕绿化带↕5↕5↕10070↕2↕4↕[2555280,3066336,3577392,4088448,4599504]↕20↕5↕6↕7↕8↕9↕511056⋚
253↕广播喇叭↕6↕6↕10110↕2↕4↕[2565420,3078504,3591588,4104672,4617756]↕20↕5↕6↕7↕8↕9↕513084⋚
254↕夜间照明灯↕7↕7↕10150↕2↕4↕[2575560,3090672,3605784,4120896,4636008]↕20↕5↕6↕7↕8↕9↕515112⋚
255↕救生圈↕8↕8↕10190↕2↕4↕[2585700,3102840,3619980,4137120,4654260]↕20↕5↕6↕7↕8↕9↕517140⋚
256↕消防栓↕9↕9↕10230↕2↕4↕[2595840,3115008,3634176,4153344,4672512]↕20↕5↕6↕7↕8↕9↕519168⋚
257↕港口缆绳↕10↕10↕10270↕2↕4↕[2605980,3127176,3648372,4169568,4690764]↕20↕5↕6↕7↕8↕9↕521196⋚
258↕冲洗水枪↕11↕11↕10310↕2↕4↕[2616120,3139344,3662568,4185792,4709016]↕20↕5↕6↕7↕8↕9↕523224⋚
259↕吊机↕12↕12↕10350↕2↕4↕[2626260,3151512,3676764,4202016,4727268]↕20↕5↕6↕7↕8↕9↕525252⋚
260↕安全栏杆↕13↕13↕10390↕2↕4↕[2636400,3163680,3690960,4218240,4745520]↕20↕5↕6↕7↕8↕9↕527280⋚
261↕抽水泵↕1↕1↕10430↕2↕4↕[2646540,3175848,3705156,4234464,4763772]↕21↕5↕6↕7↕8↕9↕529308⋚
262↕闸门↕2↕2↕10470↕2↕4↕[2656680,3188016,3719352,4250688,4782024]↕21↕5↕6↕7↕8↕9↕531336⋚
263↕排水管↕3↕3↕10510↕2↕4↕[2666820,3200184,3733548,4266912,4800276]↕21↕5↕6↕7↕8↕9↕533364⋚
264↕闸口水泥墩↕4↕4↕10550↕2↕4↕[2676960,3212352,3747744,4283136,4818528]↕21↕5↕6↕7↕8↕9↕535392⋚
265↕绿化带↕5↕5↕10590↕2↕4↕[2687100,3224520,3761940,4299360,4836780]↕21↕5↕6↕7↕8↕9↕537420⋚
266↕广播喇叭↕6↕6↕10630↕2↕4↕[2697240,3236688,3776136,4315584,4855032]↕21↕5↕6↕7↕8↕9↕539448⋚
267↕夜间照明灯↕7↕7↕10670↕2↕4↕[2707380,3248856,3790332,4331808,4873284]↕21↕5↕6↕7↕8↕9↕541476⋚
268↕救生圈↕8↕8↕10710↕2↕4↕[2717520,3261024,3804528,4348032,4891536]↕21↕5↕6↕7↕8↕9↕543504⋚
269↕消防栓↕9↕9↕10750↕2↕4↕[2727660,3273192,3818724,4364256,4909788]↕21↕5↕6↕7↕8↕9↕545532⋚
270↕港口缆绳↕10↕10↕10790↕2↕4↕[2737800,3285360,3832920,4380480,4928040]↕21↕5↕6↕7↕8↕9↕547560⋚
271↕冲洗水枪↕11↕11↕10830↕2↕4↕[2747940,3297528,3847116,4396704,4946292]↕21↕5↕6↕7↕8↕9↕549588⋚
272↕吊机↕12↕12↕10870↕2↕4↕[2758080,3309696,3861312,4412928,4964544]↕21↕5↕6↕7↕8↕9↕551616⋚
273↕安全栏杆↕13↕13↕10910↕2↕4↕[2768220,3321864,3875508,4429152,4982796]↕21↕5↕6↕7↕8↕9↕553644⋚
274↕抽水泵↕1↕1↕10950↕2↕4↕[2778360,3334032,3889704,4445376,5001048]↕22↕5↕6↕7↕8↕9↕555672⋚
275↕闸门↕2↕2↕10990↕2↕4↕[2788500,3346200,3903900,4461600,5019300]↕22↕5↕6↕7↕8↕9↕557700⋚
276↕排水管↕3↕3↕11030↕2↕4↕[2798640,3358368,3918096,4477824,5037552]↕22↕5↕6↕7↕8↕9↕559728⋚
277↕闸口水泥墩↕4↕4↕11070↕2↕4↕[2808780,3370536,3932292,4494048,5055804]↕22↕5↕6↕7↕8↕9↕561756⋚
278↕绿化带↕5↕5↕11110↕2↕4↕[2818920,3382704,3946488,4510272,5074056]↕22↕5↕6↕7↕8↕9↕563784⋚
279↕广播喇叭↕6↕6↕11150↕2↕4↕[2829060,3394872,3960684,4526496,5092308]↕22↕5↕6↕7↕8↕9↕565812⋚
280↕夜间照明灯↕7↕7↕11190↕2↕4↕[2839200,3407040,3974880,4542720,5110560]↕22↕5↕6↕7↕8↕9↕567840⋚
281↕救生圈↕8↕8↕11230↕2↕4↕[2849340,3419208,3989076,4558944,5128812]↕22↕5↕6↕7↕8↕9↕569868⋚
282↕消防栓↕9↕9↕11270↕2↕4↕[2859480,3431376,4003272,4575168,5147064]↕22↕5↕6↕7↕8↕9↕571896⋚
283↕港口缆绳↕10↕10↕11310↕2↕4↕[2869620,3443544,4017468,4591392,5165316]↕22↕5↕6↕7↕8↕9↕573924⋚
284↕冲洗水枪↕11↕11↕11350↕2↕4↕[2879760,3455712,4031664,4607616,5183568]↕22↕5↕6↕7↕8↕9↕575952⋚
285↕吊机↕12↕12↕11390↕2↕4↕[2889900,3467880,4045860,4623840,5201820]↕22↕5↕6↕7↕8↕9↕577980⋚
286↕安全栏杆↕13↕13↕11430↕2↕4↕[2900040,3480048,4060056,4640064,5220072]↕22↕5↕6↕7↕8↕9↕580008⋚
287↕抽水泵↕1↕1↕11470↕2↕4↕[2910180,3492216,4074252,4656288,5238324]↕23↕5↕6↕7↕8↕9↕582036⋚
288↕闸门↕2↕2↕11510↕2↕4↕[2920320,3504384,4088448,4672512,5256576]↕23↕5↕6↕7↕8↕9↕584064⋚
289↕排水管↕3↕3↕11550↕2↕4↕[2930460,3516552,4102644,4688736,5274828]↕23↕5↕6↕7↕8↕9↕586092⋚
290↕闸口水泥墩↕4↕4↕11590↕2↕4↕[2940600,3528720,4116840,4704960,5293080]↕23↕5↕6↕7↕8↕9↕588120⋚
291↕绿化带↕5↕5↕11630↕2↕4↕[2950740,3540888,4131036,4721184,5311332]↕23↕5↕6↕7↕8↕9↕590148⋚
292↕广播喇叭↕6↕6↕11670↕2↕4↕[2960880,3553056,4145232,4737408,5329584]↕23↕5↕6↕7↕8↕9↕592176⋚
293↕夜间照明灯↕7↕7↕11710↕2↕4↕[2971020,3565224,4159428,4753632,5347836]↕23↕5↕6↕7↕8↕9↕594204⋚
294↕救生圈↕8↕8↕11750↕2↕4↕[2981160,3577392,4173624,4769856,5366088]↕23↕5↕6↕7↕8↕9↕596232⋚
295↕消防栓↕9↕9↕11790↕2↕4↕[2991300,3589560,4187820,4786080,5384340]↕23↕5↕6↕7↕8↕9↕598260⋚
296↕港口缆绳↕10↕10↕11830↕2↕4↕[3001440,3601728,4202016,4802304,5402592]↕23↕5↕6↕7↕8↕9↕600288⋚
297↕冲洗水枪↕11↕11↕11870↕2↕4↕[3011580,3613896,4216212,4818528,5420844]↕23↕5↕6↕7↕8↕9↕602316⋚
298↕吊机↕12↕12↕11910↕2↕4↕[3021720,3626064,4230408,4834752,5439096]↕23↕5↕6↕7↕8↕9↕604344⋚
299↕安全栏杆↕13↕13↕11950↕2↕4↕[3031860,3638232,4244604,4850976,5457348]↕23↕5↕6↕7↕8↕9↕606372⋚
300↕抽水泵↕1↕1↕11990↕2↕4↕[3042000,3650400,4258800,4867200,5475600]↕24↕5↕6↕7↕8↕9↕608400⋚
301↕闸门↕2↕2↕12030↕2↕4↕[3052140,3662568,4272996,4883424,5493852]↕24↕5↕6↕7↕8↕9↕610428⋚
302↕排水管↕3↕3↕12070↕2↕4↕[3062280,3674736,4287192,4899648,5512104]↕24↕5↕6↕7↕8↕9↕612456⋚
303↕闸口水泥墩↕4↕4↕12110↕2↕4↕[3072420,3686904,4301388,4915872,5530356]↕24↕5↕6↕7↕8↕9↕614484⋚
304↕绿化带↕5↕5↕12150↕2↕4↕[3082560,3699072,4315584,4932096,5548608]↕24↕5↕6↕7↕8↕9↕616512⋚
305↕广播喇叭↕6↕6↕12190↕2↕4↕[3092700,3711240,4329780,4948320,5566860]↕24↕5↕6↕7↕8↕9↕618540⋚
306↕夜间照明灯↕7↕7↕12230↕2↕4↕[3102840,3723408,4343976,4964544,5585112]↕24↕5↕6↕7↕8↕9↕620568⋚
307↕救生圈↕8↕8↕12270↕2↕4↕[3112980,3735576,4358172,4980768,5603364]↕24↕5↕6↕7↕8↕9↕622596⋚
308↕消防栓↕9↕9↕12310↕2↕4↕[3123120,3747744,4372368,4996992,5621616]↕24↕5↕6↕7↕8↕9↕624624⋚
309↕港口缆绳↕10↕10↕12350↕2↕4↕[3133260,3759912,4386564,5013216,5639868]↕24↕5↕6↕7↕8↕9↕626652⋚
310↕冲洗水枪↕11↕11↕12390↕2↕4↕[3143400,3772080,4400760,5029440,5658120]↕24↕5↕6↕7↕8↕9↕628680⋚
311↕吊机↕12↕12↕12430↕2↕4↕[3153540,3784248,4414956,5045664,5676372]↕24↕5↕6↕7↕8↕9↕630708⋚
312↕安全栏杆↕13↕13↕12470↕2↕4↕[3163680,3796416,4429152,5061888,5694624]↕24↕5↕6↕7↕8↕9↕632736⋚
313↕抽水泵↕1↕1↕12510↕2↕4↕[3173820,3808584,4443348,5078112,5712876]↕25↕5↕6↕7↕8↕9↕634764⋚
314↕闸门↕2↕2↕12550↕2↕4↕[3183960,3820752,4457544,5094336,5731128]↕25↕5↕6↕7↕8↕9↕636792⋚
315↕排水管↕3↕3↕12590↕2↕4↕[3194100,3832920,4471740,5110560,5749380]↕25↕5↕6↕7↕8↕9↕638820⋚
316↕闸口水泥墩↕4↕4↕12630↕2↕4↕[3204240,3845088,4485936,5126784,5767632]↕25↕5↕6↕7↕8↕9↕640848⋚
317↕绿化带↕5↕5↕12670↕2↕4↕[3214380,3857256,4500132,5143008,5785884]↕25↕5↕6↕7↕8↕9↕642876⋚
318↕广播喇叭↕6↕6↕12710↕2↕4↕[3224520,3869424,4514328,5159232,5804136]↕25↕5↕6↕7↕8↕9↕644904⋚
319↕夜间照明灯↕7↕7↕12750↕2↕4↕[3234660,3881592,4528524,5175456,5822388]↕25↕5↕6↕7↕8↕9↕646932⋚
320↕救生圈↕8↕8↕12790↕2↕4↕[3244800,3893760,4542720,5191680,5840640]↕25↕5↕6↕7↕8↕9↕648960⋚
321↕消防栓↕9↕9↕12830↕2↕4↕[3254940,3905928,4556916,5207904,5858892]↕25↕5↕6↕7↕8↕9↕650988⋚
322↕港口缆绳↕10↕10↕12870↕2↕4↕[3265080,3918096,4571112,5224128,5877144]↕25↕5↕6↕7↕8↕9↕653016⋚
323↕冲洗水枪↕11↕11↕12910↕2↕4↕[3275220,3930264,4585308,5240352,5895396]↕25↕5↕6↕7↕8↕9↕655044⋚
324↕吊机↕12↕12↕12950↕2↕4↕[3285360,3942432,4599504,5256576,5913648]↕25↕5↕6↕7↕8↕9↕657072⋚
325↕安全栏杆↕13↕13↕12990↕2↕4↕[3295500,3954600,4613700,5272800,5931900]↕25↕5↕6↕7↕8↕9↕659100⋚
326↕抽水泵↕1↕1↕13030↕2↕4↕[3305640,3966768,4627896,5289024,5950152]↕26↕5↕6↕7↕8↕9↕661128⋚
327↕闸门↕2↕2↕13070↕2↕4↕[3315780,3978936,4642092,5305248,5968404]↕26↕5↕6↕7↕8↕9↕663156⋚
328↕排水管↕3↕3↕13110↕2↕4↕[3325920,3991104,4656288,5321472,5986656]↕26↕5↕6↕7↕8↕9↕665184⋚
329↕闸口水泥墩↕4↕4↕13150↕2↕4↕[3336060,4003272,4670484,5337696,6004908]↕26↕5↕6↕7↕8↕9↕667212⋚
330↕绿化带↕5↕5↕13190↕2↕4↕[3346200,4015440,4684680,5353920,6023160]↕26↕5↕6↕7↕8↕9↕669240⋚
331↕广播喇叭↕6↕6↕13230↕2↕4↕[3356340,4027608,4698876,5370144,6041412]↕26↕5↕6↕7↕8↕9↕671268⋚
332↕夜间照明灯↕7↕7↕13270↕2↕4↕[3366480,4039776,4713072,5386368,6059664]↕26↕5↕6↕7↕8↕9↕673296⋚
333↕救生圈↕8↕8↕13310↕2↕4↕[3376620,4051944,4727268,5402592,6077916]↕26↕5↕6↕7↕8↕9↕675324⋚
334↕消防栓↕9↕9↕13350↕2↕4↕[3386760,4064112,4741464,5418816,6096168]↕26↕5↕6↕7↕8↕9↕677352⋚
335↕港口缆绳↕10↕10↕13390↕2↕4↕[3396900,4076280,4755660,5435040,6114420]↕26↕5↕6↕7↕8↕9↕679380⋚
336↕冲洗水枪↕11↕11↕13430↕2↕4↕[3407040,4088448,4769856,5451264,6132672]↕26↕5↕6↕7↕8↕9↕681408⋚
337↕吊机↕12↕12↕13470↕2↕4↕[3417180,4100616,4784052,5467488,6150924]↕26↕5↕6↕7↕8↕9↕683436⋚
338↕安全栏杆↕13↕13↕13510↕2↕4↕[3427320,4112784,4798248,5483712,6169176]↕26↕5↕6↕7↕8↕9↕685464⋚
339↕抽水泵↕1↕1↕13550↕2↕4↕[3437460,4124952,4812444,5499936,6187428]↕27↕5↕6↕7↕8↕9↕687492⋚
340↕闸门↕2↕2↕13590↕2↕4↕[3447600,4137120,4826640,5516160,6205680]↕27↕5↕6↕7↕8↕9↕689520⋚
341↕排水管↕3↕3↕13630↕2↕4↕[3457740,4149288,4840836,5532384,6223932]↕27↕5↕6↕7↕8↕9↕691548⋚
342↕闸口水泥墩↕4↕4↕13670↕2↕4↕[3467880,4161456,4855032,5548608,6242184]↕27↕5↕6↕7↕8↕9↕693576⋚
343↕绿化带↕5↕5↕13710↕2↕4↕[3478020,4173624,4869228,5564832,6260436]↕27↕5↕6↕7↕8↕9↕695604⋚
344↕广播喇叭↕6↕6↕13750↕2↕4↕[3488160,4185792,4883424,5581056,6278688]↕27↕5↕6↕7↕8↕9↕697632⋚
345↕夜间照明灯↕7↕7↕13790↕2↕4↕[3498300,4197960,4897620,5597280,6296940]↕27↕5↕6↕7↕8↕9↕699660⋚
346↕救生圈↕8↕8↕13830↕2↕4↕[3508440,4210128,4911816,5613504,6315192]↕27↕5↕6↕7↕8↕9↕701688⋚
347↕消防栓↕9↕9↕13870↕2↕4↕[3518580,4222296,4926012,5629728,6333444]↕27↕5↕6↕7↕8↕9↕703716⋚
348↕港口缆绳↕10↕10↕13910↕2↕4↕[3528720,4234464,4940208,5645952,6351696]↕27↕5↕6↕7↕8↕9↕705744⋚
349↕冲洗水枪↕11↕11↕13950↕2↕4↕[3538860,4246632,4954404,5662176,6369948]↕27↕5↕6↕7↕8↕9↕707772⋚
350↕吊机↕12↕12↕13990↕2↕4↕[3549000,4258800,4968600,5678400,6388200]↕27↕5↕6↕7↕8↕9↕709800⋚
351↕安全栏杆↕13↕13↕14030↕2↕4↕[3559140,4270968,4982796,5694624,6406452]↕27↕5↕6↕7↕8↕9↕711828⋚
352↕抽水泵↕1↕1↕14070↕2↕4↕[3569280,4283136,4996992,5710848,6424704]↕28↕5↕6↕7↕8↕9↕713856⋚
353↕闸门↕2↕2↕14110↕2↕4↕[3579420,4295304,5011188,5727072,6442956]↕28↕5↕6↕7↕8↕9↕715884⋚
354↕排水管↕3↕3↕14150↕2↕4↕[3589560,4307472,5025384,5743296,6461208]↕28↕5↕6↕7↕8↕9↕717912⋚
355↕闸口水泥墩↕4↕4↕14190↕2↕4↕[3599700,4319640,5039580,5759520,6479460]↕28↕5↕6↕7↕8↕9↕719940⋚
356↕绿化带↕5↕5↕14230↕2↕4↕[3609840,4331808,5053776,5775744,6497712]↕28↕5↕6↕7↕8↕9↕721968⋚
357↕广播喇叭↕6↕6↕14270↕2↕4↕[3619980,4343976,5067972,5791968,6515964]↕28↕5↕6↕7↕8↕9↕723996⋚
358↕夜间照明灯↕7↕7↕14310↕2↕4↕[3630120,4356144,5082168,5808192,6534216]↕28↕5↕6↕7↕8↕9↕726024⋚
359↕救生圈↕8↕8↕14350↕2↕4↕[3640260,4368312,5096364,5824416,6552468]↕28↕5↕6↕7↕8↕9↕728052⋚
360↕消防栓↕9↕9↕14390↕2↕4↕[3650400,4380480,5110560,5840640,6570720]↕28↕5↕6↕7↕8↕9↕730080⋚
361↕港口缆绳↕10↕10↕14430↕2↕4↕[3660540,4392648,5124756,5856864,6588972]↕28↕5↕6↕7↕8↕9↕732108⋚
362↕冲洗水枪↕11↕11↕14470↕2↕4↕[3670680,4404816,5138952,5873088,6607224]↕28↕5↕6↕7↕8↕9↕734136⋚
363↕吊机↕12↕12↕14510↕2↕4↕[3680820,4416984,5153148,5889312,6625476]↕28↕5↕6↕7↕8↕9↕736164⋚
364↕安全栏杆↕13↕13↕14550↕2↕4↕[3690960,4429152,5167344,5905536,6643728]↕28↕5↕6↕7↕8↕9↕738192⋚
365↕抽水泵↕1↕1↕14590↕2↕4↕[3701100,4441320,5181540,5921760,6661980]↕29↕5↕6↕7↕8↕9↕740220⋚
366↕闸门↕2↕2↕14630↕2↕4↕[3711240,4453488,5195736,5937984,6680232]↕29↕5↕6↕7↕8↕9↕742248⋚
367↕排水管↕3↕3↕14670↕2↕4↕[3721380,4465656,5209932,5954208,6698484]↕29↕5↕6↕7↕8↕9↕744276⋚
368↕闸口水泥墩↕4↕4↕14710↕2↕4↕[3731520,4477824,5224128,5970432,6716736]↕29↕5↕6↕7↕8↕9↕746304⋚
369↕绿化带↕5↕5↕14750↕2↕4↕[3741660,4489992,5238324,5986656,6734988]↕29↕5↕6↕7↕8↕9↕748332⋚
370↕广播喇叭↕6↕6↕14790↕2↕4↕[3751800,4502160,5252520,6002880,6753240]↕29↕5↕6↕7↕8↕9↕750360⋚
371↕夜间照明灯↕7↕7↕14830↕2↕4↕[3761940,4514328,5266716,6019104,6771492]↕29↕5↕6↕7↕8↕9↕752388⋚
372↕救生圈↕8↕8↕14870↕2↕4↕[3772080,4526496,5280912,6035328,6789744]↕29↕5↕6↕7↕8↕9↕754416⋚
373↕消防栓↕9↕9↕14910↕2↕4↕[3782220,4538664,5295108,6051552,6807996]↕29↕5↕6↕7↕8↕9↕756444⋚
374↕港口缆绳↕10↕10↕14950↕2↕4↕[3792360,4550832,5309304,6067776,6826248]↕29↕5↕6↕7↕8↕9↕758472⋚
375↕冲洗水枪↕11↕11↕14990↕2↕4↕[3802500,4563000,5323500,6084000,6844500]↕29↕5↕6↕7↕8↕9↕760500⋚
376↕吊机↕12↕12↕15030↕2↕4↕[3812640,4575168,5337696,6100224,6862752]↕29↕5↕6↕7↕8↕9↕762528⋚
377↕安全栏杆↕13↕13↕15070↕2↕4↕[3822780,4587336,5351892,6116448,6881004]↕29↕5↕6↕7↕8↕9↕764556⋚
378↕抽水泵↕1↕1↕15110↕2↕4↕[3832920,4599504,5366088,6132672,6899256]↕30↕5↕6↕7↕8↕9↕766584⋚
379↕闸门↕2↕2↕15150↕2↕4↕[3843060,4611672,5380284,6148896,6917508]↕30↕5↕6↕7↕8↕9↕768612⋚
380↕排水管↕3↕3↕15190↕2↕4↕[3853200,4623840,5394480,6165120,6935760]↕30↕5↕6↕7↕8↕9↕770640⋚
381↕闸口水泥墩↕4↕4↕15230↕2↕4↕[3863340,4636008,5408676,6181344,6954012]↕30↕5↕6↕7↕8↕9↕772668⋚
382↕绿化带↕5↕5↕15270↕2↕4↕[3873480,4648176,5422872,6197568,6972264]↕30↕5↕6↕7↕8↕9↕774696⋚
383↕广播喇叭↕6↕6↕15310↕2↕4↕[3883620,4660344,5437068,6213792,6990516]↕30↕5↕6↕7↕8↕9↕776724⋚
384↕夜间照明灯↕7↕7↕15350↕2↕4↕[3893760,4672512,5451264,6230016,7008768]↕30↕5↕6↕7↕8↕9↕778752⋚
385↕救生圈↕8↕8↕15390↕2↕4↕[3903900,4684680,5465460,6246240,7027020]↕30↕5↕6↕7↕8↕9↕780780⋚
386↕消防栓↕9↕9↕15430↕2↕4↕[3914040,4696848,5479656,6262464,7045272]↕30↕5↕6↕7↕8↕9↕782808⋚
387↕港口缆绳↕10↕10↕15470↕2↕4↕[3924180,4709016,5493852,6278688,7063524]↕30↕5↕6↕7↕8↕9↕784836⋚
388↕冲洗水枪↕11↕11↕15510↕2↕4↕[3934320,4721184,5508048,6294912,7081776]↕30↕5↕6↕7↕8↕9↕786864⋚
389↕吊机↕12↕12↕15550↕2↕4↕[3944460,4733352,5522244,6311136,7100028]↕30↕5↕6↕7↕8↕9↕788892⋚
390↕安全栏杆↕13↕13↕15590↕2↕4↕[3954600,4745520,5536440,6327360,7118280]↕30↕5↕6↕7↕8↕9↕790920⋚
391↕抽水泵↕1↕1↕15630↕2↕4↕[3964740,4757688,5550636,6343584,7136532]↕31↕5↕6↕7↕8↕9↕792948⋚
392↕闸门↕2↕2↕15670↕2↕4↕[3974880,4769856,5564832,6359808,7154784]↕31↕5↕6↕7↕8↕9↕794976⋚
393↕排水管↕3↕3↕15710↕2↕4↕[3985020,4782024,5579028,6376032,7173036]↕31↕5↕6↕7↕8↕9↕797004⋚
394↕闸口水泥墩↕4↕4↕15750↕2↕4↕[3995160,4794192,5593224,6392256,7191288]↕31↕5↕6↕7↕8↕9↕799032⋚
395↕绿化带↕5↕5↕15790↕2↕4↕[4005300,4806360,5607420,6408480,7209540]↕31↕5↕6↕7↕8↕9↕801060⋚
396↕广播喇叭↕6↕6↕15830↕2↕4↕[4015440,4818528,5621616,6424704,7227792]↕31↕5↕6↕7↕8↕9↕803088⋚
397↕夜间照明灯↕7↕7↕15870↕2↕4↕[4025580,4830696,5635812,6440928,7246044]↕31↕5↕6↕7↕8↕9↕805116⋚
398↕救生圈↕8↕8↕15910↕2↕4↕[4035720,4842864,5650008,6457152,7264296]↕31↕5↕6↕7↕8↕9↕807144⋚
399↕消防栓↕9↕9↕15950↕2↕4↕[4045860,4855032,5664204,6473376,7282548]↕31↕5↕6↕7↕8↕9↕809172⋚
400↕港口缆绳↕10↕10↕15990↕2↕4↕[4056000,4867200,5678400,6489600,7300800]↕31↕5↕6↕7↕8↕9↕811200⋚
401↕冲洗水枪↕11↕11↕16030↕2↕4↕[4066140,4879368,5692596,6505824,7319052]↕31↕5↕6↕7↕8↕9↕813228⋚
402↕吊机↕12↕12↕16070↕2↕4↕[4076280,4891536,5706792,6522048,7337304]↕31↕5↕6↕7↕8↕9↕815256⋚
403↕安全栏杆↕13↕13↕16110↕2↕4↕[4086420,4903704,5720988,6538272,7355556]↕31↕5↕6↕7↕8↕9↕817284⋚
404↕抽水泵↕1↕1↕16150↕2↕4↕[4096560,4915872,5735184,6554496,7373808]↕32↕5↕6↕7↕8↕9↕819312⋚
405↕闸门↕2↕2↕16190↕2↕4↕[4106700,4928040,5749380,6570720,7392060]↕32↕5↕6↕7↕8↕9↕821340⋚
406↕排水管↕3↕3↕16230↕2↕4↕[4116840,4940208,5763576,6586944,7410312]↕32↕5↕6↕7↕8↕9↕823368⋚
407↕闸口水泥墩↕4↕4↕16270↕2↕4↕[4126980,4952376,5777772,6603168,7428564]↕32↕5↕6↕7↕8↕9↕825396⋚
408↕绿化带↕5↕5↕16310↕2↕4↕[4137120,4964544,5791968,6619392,7446816]↕32↕5↕6↕7↕8↕9↕827424⋚
409↕广播喇叭↕6↕6↕16350↕2↕4↕[4147260,4976712,5806164,6635616,7465068]↕32↕5↕6↕7↕8↕9↕829452⋚
410↕夜间照明灯↕7↕7↕16390↕2↕4↕[4157400,4988880,5820360,6651840,7483320]↕32↕5↕6↕7↕8↕9↕831480⋚
411↕救生圈↕8↕8↕16430↕2↕4↕[4167540,5001048,5834556,6668064,7501572]↕32↕5↕6↕7↕8↕9↕833508⋚
412↕消防栓↕9↕9↕16470↕2↕4↕[4177680,5013216,5848752,6684288,7519824]↕32↕5↕6↕7↕8↕9↕835536⋚
413↕港口缆绳↕10↕10↕16510↕2↕4↕[4187820,5025384,5862948,6700512,7538076]↕32↕5↕6↕7↕8↕9↕837564⋚
414↕冲洗水枪↕11↕11↕16550↕2↕4↕[4197960,5037552,5877144,6716736,7556328]↕32↕5↕6↕7↕8↕9↕839592⋚
415↕吊机↕12↕12↕16590↕2↕4↕[4208100,5049720,5891340,6732960,7574580]↕32↕5↕6↕7↕8↕9↕841620⋚
416↕安全栏杆↕13↕13↕16630↕2↕4↕[4218240,5061888,5905536,6749184,7592832]↕32↕5↕6↕7↕8↕9↕843648⋚
417↕抽水泵↕1↕1↕16670↕2↕4↕[4228380,5074056,5919732,6765408,7611084]↕33↕5↕6↕7↕8↕9↕845676⋚
418↕闸门↕2↕2↕16710↕2↕4↕[4238520,5086224,5933928,6781632,7629336]↕33↕5↕6↕7↕8↕9↕847704⋚
419↕排水管↕3↕3↕16750↕2↕4↕[4248660,5098392,5948124,6797856,7647588]↕33↕5↕6↕7↕8↕9↕849732⋚
420↕闸口水泥墩↕4↕4↕16790↕2↕4↕[4258800,5110560,5962320,6814080,7665840]↕33↕5↕6↕7↕8↕9↕851760⋚
421↕绿化带↕5↕5↕16830↕2↕4↕[4268940,5122728,5976516,6830304,7684092]↕33↕5↕6↕7↕8↕9↕853788⋚
422↕广播喇叭↕6↕6↕16870↕2↕4↕[4279080,5134896,5990712,6846528,7702344]↕33↕5↕6↕7↕8↕9↕855816⋚
423↕夜间照明灯↕7↕7↕16910↕2↕4↕[4289220,5147064,6004908,6862752,7720596]↕33↕5↕6↕7↕8↕9↕857844⋚
424↕救生圈↕8↕8↕16950↕2↕4↕[4299360,5159232,6019104,6878976,7738848]↕33↕5↕6↕7↕8↕9↕859872⋚
425↕消防栓↕9↕9↕16990↕2↕4↕[4309500,5171400,6033300,6895200,7757100]↕33↕5↕6↕7↕8↕9↕861900⋚
426↕港口缆绳↕10↕10↕17030↕2↕4↕[4319640,5183568,6047496,6911424,7775352]↕33↕5↕6↕7↕8↕9↕863928⋚
427↕冲洗水枪↕11↕11↕17070↕2↕4↕[4329780,5195736,6061692,6927648,7793604]↕33↕5↕6↕7↕8↕9↕865956⋚
428↕吊机↕12↕12↕17110↕2↕4↕[4339920,5207904,6075888,6943872,7811856]↕33↕5↕6↕7↕8↕9↕867984⋚
429↕安全栏杆↕13↕13↕17150↕2↕4↕[4350060,5220072,6090084,6960096,7830108]↕33↕5↕6↕7↕8↕9↕870012⋚
430↕抽水泵↕1↕1↕17190↕2↕4↕[4360200,5232240,6104280,6976320,7848360]↕34↕5↕6↕7↕8↕9↕872040⋚
431↕闸门↕2↕2↕17230↕2↕4↕[4370340,5244408,6118476,6992544,7866612]↕34↕5↕6↕7↕8↕9↕874068⋚
432↕排水管↕3↕3↕17270↕2↕4↕[4380480,5256576,6132672,7008768,7884864]↕34↕5↕6↕7↕8↕9↕876096⋚
433↕闸口水泥墩↕4↕4↕17310↕2↕4↕[4390620,5268744,6146868,7024992,7903116]↕34↕5↕6↕7↕8↕9↕878124⋚
434↕绿化带↕5↕5↕17350↕2↕4↕[4400760,5280912,6161064,7041216,7921368]↕34↕5↕6↕7↕8↕9↕880152⋚
435↕广播喇叭↕6↕6↕17390↕2↕4↕[4410900,5293080,6175260,7057440,7939620]↕34↕5↕6↕7↕8↕9↕882180⋚
436↕夜间照明灯↕7↕7↕17430↕2↕4↕[4421040,5305248,6189456,7073664,7957872]↕34↕5↕6↕7↕8↕9↕884208⋚
437↕救生圈↕8↕8↕17470↕2↕4↕[4431180,5317416,6203652,7089888,7976124]↕34↕5↕6↕7↕8↕9↕886236⋚
438↕消防栓↕9↕9↕17510↕2↕4↕[4441320,5329584,6217848,7106112,7994376]↕34↕5↕6↕7↕8↕9↕888264⋚
439↕港口缆绳↕10↕10↕17550↕2↕4↕[4451460,5341752,6232044,7122336,8012628]↕34↕5↕6↕7↕8↕9↕890292⋚
440↕冲洗水枪↕11↕11↕17590↕2↕4↕[4461600,5353920,6246240,7138560,8030880]↕34↕5↕6↕7↕8↕9↕892320⋚
441↕吊机↕12↕12↕17630↕2↕4↕[4471740,5366088,6260436,7154784,8049132]↕34↕5↕6↕7↕8↕9↕894348⋚
442↕安全栏杆↕13↕13↕17670↕2↕4↕[4481880,5378256,6274632,7171008,8067384]↕34↕5↕6↕7↕8↕9↕896376⋚
443↕抽水泵↕1↕1↕17710↕2↕4↕[4492020,5390424,6288828,7187232,8085636]↕35↕5↕6↕7↕8↕9↕898404⋚
444↕闸门↕2↕2↕17750↕2↕4↕[4502160,5402592,6303024,7203456,8103888]↕35↕5↕6↕7↕8↕9↕900432⋚
445↕排水管↕3↕3↕17790↕2↕4↕[4512300,5414760,6317220,7219680,8122140]↕35↕5↕6↕7↕8↕9↕902460⋚
446↕闸口水泥墩↕4↕4↕17830↕2↕4↕[4522440,5426928,6331416,7235904,8140392]↕35↕5↕6↕7↕8↕9↕904488⋚
447↕绿化带↕5↕5↕17870↕2↕4↕[4532580,5439096,6345612,7252128,8158644]↕35↕5↕6↕7↕8↕9↕906516⋚
448↕广播喇叭↕6↕6↕17910↕2↕4↕[4542720,5451264,6359808,7268352,8176896]↕35↕5↕6↕7↕8↕9↕908544⋚
449↕夜间照明灯↕7↕7↕17950↕2↕4↕[4552860,5463432,6374004,7284576,8195148]↕35↕5↕6↕7↕8↕9↕910572⋚
450↕救生圈↕8↕8↕17990↕2↕4↕[4563000,5475600,6388200,7300800,8213400]↕35↕5↕6↕7↕8↕9↕912600⋚
451↕消防栓↕9↕9↕18030↕2↕4↕[4573140,5487768,6402396,7317024,8231652]↕35↕5↕6↕7↕8↕9↕914628⋚
452↕港口缆绳↕10↕10↕18070↕2↕4↕[4583280,5499936,6416592,7333248,8249904]↕35↕5↕6↕7↕8↕9↕916656⋚
453↕冲洗水枪↕11↕11↕18110↕2↕4↕[4593420,5512104,6430788,7349472,8268156]↕35↕5↕6↕7↕8↕9↕918684⋚
454↕吊机↕12↕12↕18150↕2↕4↕[4603560,5524272,6444984,7365696,8286408]↕35↕5↕6↕7↕8↕9↕920712⋚
455↕安全栏杆↕13↕13↕18190↕2↕4↕[4613700,5536440,6459180,7381920,8304660]↕35↕5↕6↕7↕8↕9↕922740⋚
456↕抽水泵↕1↕1↕18230↕2↕4↕[4623840,5548608,6473376,7398144,8322912]↕36↕5↕6↕7↕8↕9↕924768⋚
457↕闸门↕2↕2↕18270↕2↕4↕[4633980,5560776,6487572,7414368,8341164]↕36↕5↕6↕7↕8↕9↕926796⋚
458↕排水管↕3↕3↕18310↕2↕4↕[4644120,5572944,6501768,7430592,8359416]↕36↕5↕6↕7↕8↕9↕928824⋚
459↕闸口水泥墩↕4↕4↕18350↕2↕4↕[4654260,5585112,6515964,7446816,8377668]↕36↕5↕6↕7↕8↕9↕930852⋚
460↕绿化带↕5↕5↕18390↕2↕4↕[4664400,5597280,6530160,7463040,8395920]↕36↕5↕6↕7↕8↕9↕932880⋚
461↕广播喇叭↕6↕6↕18430↕2↕4↕[4674540,5609448,6544356,7479264,8414172]↕36↕5↕6↕7↕8↕9↕934908⋚
462↕夜间照明灯↕7↕7↕18470↕2↕4↕[4684680,5621616,6558552,7495488,8432424]↕36↕5↕6↕7↕8↕9↕936936⋚
463↕救生圈↕8↕8↕18510↕2↕4↕[4694820,5633784,6572748,7511712,8450676]↕36↕5↕6↕7↕8↕9↕938964⋚
464↕消防栓↕9↕9↕18550↕2↕4↕[4704960,5645952,6586944,7527936,8468928]↕36↕5↕6↕7↕8↕9↕940992⋚
465↕港口缆绳↕10↕10↕18590↕2↕4↕[4715100,5658120,6601140,7544160,8487180]↕36↕5↕6↕7↕8↕9↕943020⋚
466↕冲洗水枪↕11↕11↕18630↕2↕4↕[4725240,5670288,6615336,7560384,8505432]↕36↕5↕6↕7↕8↕9↕945048⋚
467↕吊机↕12↕12↕18670↕2↕4↕[4735380,5682456,6629532,7576608,8523684]↕36↕5↕6↕7↕8↕9↕947076⋚
468↕安全栏杆↕13↕13↕18710↕2↕4↕[4745520,5694624,6643728,7592832,8541936]↕36↕5↕6↕7↕8↕9↕949104⋚
469↕抽水泵↕1↕1↕18750↕2↕4↕[4755660,5706792,6657924,7609056,8560188]↕37↕5↕6↕7↕8↕9↕951132⋚
470↕闸门↕2↕2↕18790↕2↕4↕[4765800,5718960,6672120,7625280,8578440]↕37↕5↕6↕7↕8↕9↕953160⋚
471↕排水管↕3↕3↕18830↕2↕4↕[4775940,5731128,6686316,7641504,8596692]↕37↕5↕6↕7↕8↕9↕955188⋚
472↕闸口水泥墩↕4↕4↕18870↕2↕4↕[4786080,5743296,6700512,7657728,8614944]↕37↕5↕6↕7↕8↕9↕957216⋚
473↕绿化带↕5↕5↕18910↕2↕4↕[4796220,5755464,6714708,7673952,8633196]↕37↕5↕6↕7↕8↕9↕959244⋚
474↕广播喇叭↕6↕6↕18950↕2↕4↕[4806360,5767632,6728904,7690176,8651448]↕37↕5↕6↕7↕8↕9↕961272⋚
475↕夜间照明灯↕7↕7↕18990↕2↕4↕[4816500,5779800,6743100,7706400,8669700]↕37↕5↕6↕7↕8↕9↕963300⋚
476↕救生圈↕8↕8↕19030↕2↕4↕[4826640,5791968,6757296,7722624,8687952]↕37↕5↕6↕7↕8↕9↕965328⋚
477↕消防栓↕9↕9↕19070↕2↕4↕[4836780,5804136,6771492,7738848,8706204]↕37↕5↕6↕7↕8↕9↕967356⋚
478↕港口缆绳↕10↕10↕19110↕2↕4↕[4846920,5816304,6785688,7755072,8724456]↕37↕5↕6↕7↕8↕9↕969384⋚
479↕冲洗水枪↕11↕11↕19150↕2↕4↕[4857060,5828472,6799884,7771296,8742708]↕37↕5↕6↕7↕8↕9↕971412⋚
480↕吊机↕12↕12↕19190↕2↕4↕[4867200,5840640,6814080,7787520,8760960]↕37↕5↕6↕7↕8↕9↕973440⋚
481↕安全栏杆↕13↕13↕19230↕2↕4↕[4877340,5852808,6828276,7803744,8779212]↕37↕5↕6↕7↕8↕9↕975468⋚
482↕抽水泵↕1↕1↕19270↕2↕4↕[4887480,5864976,6842472,7819968,8797464]↕38↕5↕6↕7↕8↕9↕977496⋚
483↕闸门↕2↕2↕19310↕2↕4↕[4897620,5877144,6856668,7836192,8815716]↕38↕5↕6↕7↕8↕9↕979524⋚
484↕排水管↕3↕3↕19350↕2↕4↕[4907760,5889312,6870864,7852416,8833968]↕38↕5↕6↕7↕8↕9↕981552⋚
485↕闸口水泥墩↕4↕4↕19390↕2↕4↕[4917900,5901480,6885060,7868640,8852220]↕38↕5↕6↕7↕8↕9↕983580⋚
486↕绿化带↕5↕5↕19430↕2↕4↕[4928040,5913648,6899256,7884864,8870472]↕38↕5↕6↕7↕8↕9↕985608⋚
487↕广播喇叭↕6↕6↕19470↕2↕4↕[4938180,5925816,6913452,7901088,8888724]↕38↕5↕6↕7↕8↕9↕987636⋚
488↕夜间照明灯↕7↕7↕19510↕2↕4↕[4948320,5937984,6927648,7917312,8906976]↕38↕5↕6↕7↕8↕9↕989664⋚
489↕救生圈↕8↕8↕19550↕2↕4↕[4958460,5950152,6941844,7933536,8925228]↕38↕5↕6↕7↕8↕9↕991692⋚
490↕消防栓↕9↕9↕19590↕2↕4↕[4968600,5962320,6956040,7949760,8943480]↕38↕5↕6↕7↕8↕9↕993720⋚
491↕港口缆绳↕10↕10↕19630↕2↕4↕[4978740,5974488,6970236,7965984,8961732]↕38↕5↕6↕7↕8↕9↕995748⋚
492↕冲洗水枪↕11↕11↕19670↕2↕4↕[4988880,5986656,6984432,7982208,8979984]↕38↕5↕6↕7↕8↕9↕997776⋚
493↕吊机↕12↕12↕19710↕2↕4↕[4999020,5998824,6998628,7998432,8998236]↕38↕5↕6↕7↕8↕9↕999804⋚
494↕安全栏杆↕13↕13↕19750↕2↕4↕[5009160,6010992,7012824,8014656,9016488]↕38↕5↕6↕7↕8↕9↕1001832⋚
495↕抽水泵↕1↕1↕19790↕2↕4↕[5019300,6023160,7027020,8030880,9034740]↕39↕5↕6↕7↕8↕9↕1003860⋚
496↕闸门↕2↕2↕19830↕2↕4↕[5029440,6035328,7041216,8047104,9052992]↕39↕5↕6↕7↕8↕9↕1005888⋚
497↕排水管↕3↕3↕19870↕2↕4↕[5039580,6047496,7055412,8063328,9071244]↕39↕5↕6↕7↕8↕9↕1007916⋚
498↕闸口水泥墩↕4↕4↕19910↕2↕4↕[5049720,6059664,7069608,8079552,9089496]↕39↕5↕6↕7↕8↕9↕1009944⋚
499↕绿化带↕5↕5↕19950↕2↕4↕[5059860,6071832,7083804,8095776,9107748]↕39↕5↕6↕7↕8↕9↕1011972⋚
500↕广播喇叭↕6↕6↕19990↕2↕4↕[5070000,6084000,7098000,8112000,9126000]↕39↕5↕6↕7↕8↕9↕1014000⋚
501↕夜间照明灯↕7↕7↕20030↕2↕4↕[5080140,6096168,7112196,8128224,9144252]↕39↕5↕6↕7↕8↕9↕1016028⋚
502↕救生圈↕8↕8↕20070↕2↕4↕[5090280,6108336,7126392,8144448,9162504]↕39↕5↕6↕7↕8↕9↕1018056⋚
503↕消防栓↕9↕9↕20110↕2↕4↕[5100420,6120504,7140588,8160672,9180756]↕39↕5↕6↕7↕8↕9↕1020084⋚
504↕港口缆绳↕10↕10↕20150↕2↕4↕[5110560,6132672,7154784,8176896,9199008]↕39↕5↕6↕7↕8↕9↕1022112⋚
505↕冲洗水枪↕11↕11↕20190↕2↕4↕[5120700,6144840,7168980,8193120,9217260]↕39↕5↕6↕7↕8↕9↕1024140⋚
506↕吊机↕12↕12↕20230↕2↕4↕[5130840,6157008,7183176,8209344,9235512]↕39↕5↕6↕7↕8↕9↕1026168⋚
507↕安全栏杆↕13↕13↕20270↕2↕4↕[5140980,6169176,7197372,8225568,9253764]↕39↕5↕6↕7↕8↕9↕1028196⋚
508↕抽水泵↕1↕1↕20310↕2↕4↕[5151120,6181344,7211568,8241792,9272016]↕40↕5↕6↕7↕8↕9↕1030224⋚
509↕闸门↕2↕2↕20350↕2↕4↕[5161260,6193512,7225764,8258016,9290268]↕40↕5↕6↕7↕8↕9↕1032252⋚
510↕排水管↕3↕3↕20390↕2↕4↕[5171400,6205680,7239960,8274240,9308520]↕40↕5↕6↕7↕8↕9↕1034280⋚
511↕闸口水泥墩↕4↕4↕20430↕2↕4↕[5181540,6217848,7254156,8290464,9326772]↕40↕5↕6↕7↕8↕9↕1036308⋚
512↕绿化带↕5↕5↕20470↕2↕4↕[5191680,6230016,7268352,8306688,9345024]↕40↕5↕6↕7↕8↕9↕1038336⋚
513↕广播喇叭↕6↕6↕20510↕2↕4↕[5201820,6242184,7282548,8322912,9363276]↕40↕5↕6↕7↕8↕9↕1040364⋚
514↕夜间照明灯↕7↕7↕20550↕2↕4↕[5211960,6254352,7296744,8339136,9381528]↕40↕5↕6↕7↕8↕9↕1042392⋚
515↕救生圈↕8↕8↕20590↕2↕4↕[5222100,6266520,7310940,8355360,9399780]↕40↕5↕6↕7↕8↕9↕1044420⋚
516↕消防栓↕9↕9↕20630↕2↕4↕[5232240,6278688,7325136,8371584,9418032]↕40↕5↕6↕7↕8↕9↕1046448⋚
517↕港口缆绳↕10↕10↕20670↕2↕4↕[5242380,6290856,7339332,8387808,9436284]↕40↕5↕6↕7↕8↕9↕1048476⋚
518↕冲洗水枪↕11↕11↕20710↕2↕4↕[5252520,6303024,7353528,8404032,9454536]↕40↕5↕6↕7↕8↕9↕1050504⋚
519↕吊机↕12↕12↕20750↕2↕4↕[5262660,6315192,7367724,8420256,9472788]↕40↕5↕6↕7↕8↕9↕1052532⋚
520↕安全栏杆↕13↕13↕20790↕2↕4↕[5272800,6327360,7381920,8436480,9491040]↕40↕5↕6↕7↕8↕9↕1054560⋚
521↕抽水泵↕1↕1↕20830↕2↕4↕[5282940,6339528,7396116,8452704,9509292]↕41↕5↕6↕7↕8↕9↕1056588⋚
522↕闸门↕2↕2↕20870↕2↕4↕[5293080,6351696,7410312,8468928,9527544]↕41↕5↕6↕7↕8↕9↕1058616⋚
523↕排水管↕3↕3↕20910↕2↕4↕[5303220,6363864,7424508,8485152,9545796]↕41↕5↕6↕7↕8↕9↕1060644⋚
524↕闸口水泥墩↕4↕4↕20950↕2↕4↕[5313360,6376032,7438704,8501376,9564048]↕41↕5↕6↕7↕8↕9↕1062672⋚
525↕绿化带↕5↕5↕20990↕2↕4↕[5323500,6388200,7452900,8517600,9582300]↕41↕5↕6↕7↕8↕9↕1064700⋚
526↕广播喇叭↕6↕6↕21030↕2↕4↕[5333640,6400368,7467096,8533824,9600552]↕41↕5↕6↕7↕8↕9↕1066728⋚
527↕夜间照明灯↕7↕7↕21070↕2↕4↕[5343780,6412536,7481292,8550048,9618804]↕41↕5↕6↕7↕8↕9↕1068756⋚
528↕救生圈↕8↕8↕21110↕2↕4↕[5353920,6424704,7495488,8566272,9637056]↕41↕5↕6↕7↕8↕9↕1070784⋚
529↕消防栓↕9↕9↕21150↕2↕4↕[5364060,6436872,7509684,8582496,9655308]↕41↕5↕6↕7↕8↕9↕1072812⋚
530↕港口缆绳↕10↕10↕21190↕2↕4↕[5374200,6449040,7523880,8598720,9673560]↕41↕5↕6↕7↕8↕9↕1074840⋚
531↕冲洗水枪↕11↕11↕21230↕2↕4↕[5384340,6461208,7538076,8614944,9691812]↕41↕5↕6↕7↕8↕9↕1076868⋚
532↕吊机↕12↕12↕21270↕2↕4↕[5394480,6473376,7552272,8631168,9710064]↕41↕5↕6↕7↕8↕9↕1078896⋚
533↕安全栏杆↕13↕13↕21310↕2↕4↕[5404620,6485544,7566468,8647392,9728316]↕41↕5↕6↕7↕8↕9↕1080924⋚
534↕抽水泵↕1↕1↕21350↕2↕4↕[5414760,6497712,7580664,8663616,9746568]↕42↕5↕6↕7↕8↕9↕1082952⋚
535↕闸门↕2↕2↕21390↕2↕4↕[5424900,6509880,7594860,8679840,9764820]↕42↕5↕6↕7↕8↕9↕1084980⋚
536↕排水管↕3↕3↕21430↕2↕4↕[5435040,6522048,7609056,8696064,9783072]↕42↕5↕6↕7↕8↕9↕1087008⋚
537↕闸口水泥墩↕4↕4↕21470↕2↕4↕[5445180,6534216,7623252,8712288,9801324]↕42↕5↕6↕7↕8↕9↕1089036⋚
538↕绿化带↕5↕5↕21510↕2↕4↕[5455320,6546384,7637448,8728512,9819576]↕42↕5↕6↕7↕8↕9↕1091064⋚
539↕广播喇叭↕6↕6↕21550↕2↕4↕[5465460,6558552,7651644,8744736,9837828]↕42↕5↕6↕7↕8↕9↕1093092⋚
540↕夜间照明灯↕7↕7↕21590↕2↕4↕[5475600,6570720,7665840,8760960,9856080]↕42↕5↕6↕7↕8↕9↕1095120⋚
541↕救生圈↕8↕8↕21630↕2↕4↕[5485740,6582888,7680036,8777184,9874332]↕42↕5↕6↕7↕8↕9↕1097148⋚
542↕消防栓↕9↕9↕21670↕2↕4↕[5495880,6595056,7694232,8793408,9892584]↕42↕5↕6↕7↕8↕9↕1099176⋚
543↕港口缆绳↕10↕10↕21710↕2↕4↕[5506020,6607224,7708428,8809632,9910836]↕42↕5↕6↕7↕8↕9↕1101204⋚
544↕冲洗水枪↕11↕11↕21750↕2↕4↕[5516160,6619392,7722624,8825856,9929088]↕42↕5↕6↕7↕8↕9↕1103232⋚
545↕吊机↕12↕12↕21790↕2↕4↕[5526300,6631560,7736820,8842080,9947340]↕42↕5↕6↕7↕8↕9↕1105260⋚
546↕安全栏杆↕13↕13↕21830↕2↕4↕[5536440,6643728,7751016,8858304,9965592]↕42↕5↕6↕7↕8↕9↕1107288⋚
547↕抽水泵↕1↕1↕21870↕2↕4↕[5546580,6655896,7765212,8874528,9983844]↕43↕5↕6↕7↕8↕9↕1109316⋚
548↕闸门↕2↕2↕21910↕2↕4↕[5556720,6668064,7779408,8890752,10002096]↕43↕5↕6↕7↕8↕9↕1111344⋚
549↕排水管↕3↕3↕21950↕2↕4↕[5566860,6680232,7793604,8906976,10020348]↕43↕5↕6↕7↕8↕9↕1113372⋚
550↕闸口水泥墩↕4↕4↕21990↕2↕4↕[5577000,6692400,7807800,8923200,10038600]↕43↕5↕6↕7↕8↕9↕1115400⋚
551↕绿化带↕5↕5↕22030↕2↕4↕[5587140,6704568,7821996,8939424,10056852]↕43↕5↕6↕7↕8↕9↕1117428⋚
552↕广播喇叭↕6↕6↕22070↕2↕4↕[5597280,6716736,7836192,8955648,10075104]↕43↕5↕6↕7↕8↕9↕1119456⋚
553↕夜间照明灯↕7↕7↕22110↕2↕4↕[5607420,6728904,7850388,8971872,10093356]↕43↕5↕6↕7↕8↕9↕1121484⋚
554↕救生圈↕8↕8↕22150↕2↕4↕[5617560,6741072,7864584,8988096,10111608]↕43↕5↕6↕7↕8↕9↕1123512⋚
555↕消防栓↕9↕9↕22190↕2↕4↕[5627700,6753240,7878780,9004320,10129860]↕43↕5↕6↕7↕8↕9↕1125540⋚
556↕港口缆绳↕10↕10↕22230↕2↕4↕[5637840,6765408,7892976,9020544,10148112]↕43↕5↕6↕7↕8↕9↕1127568⋚
557↕冲洗水枪↕11↕11↕22270↕2↕4↕[5647980,6777576,7907172,9036768,10166364]↕43↕5↕6↕7↕8↕9↕1129596⋚
558↕吊机↕12↕12↕22310↕2↕4↕[5658120,6789744,7921368,9052992,10184616]↕43↕5↕6↕7↕8↕9↕1131624⋚
559↕安全栏杆↕13↕13↕22350↕2↕4↕[5668260,6801912,7935564,9069216,10202868]↕43↕5↕6↕7↕8↕9↕1133652⋚
560↕抽水泵↕1↕1↕22390↕2↕4↕[5678400,6814080,7949760,9085440,10221120]↕44↕5↕6↕7↕8↕9↕1135680⋚
561↕闸门↕2↕2↕22430↕2↕4↕[5688540,6826248,7963956,9101664,10239372]↕44↕5↕6↕7↕8↕9↕1137708⋚
562↕排水管↕3↕3↕22470↕2↕4↕[5698680,6838416,7978152,9117888,10257624]↕44↕5↕6↕7↕8↕9↕1139736⋚
563↕闸口水泥墩↕4↕4↕22510↕2↕4↕[5708820,6850584,7992348,9134112,10275876]↕44↕5↕6↕7↕8↕9↕1141764⋚
564↕绿化带↕5↕5↕22550↕2↕4↕[5718960,6862752,8006544,9150336,10294128]↕44↕5↕6↕7↕8↕9↕1143792⋚
565↕广播喇叭↕6↕6↕22590↕2↕4↕[5729100,6874920,8020740,9166560,10312380]↕44↕5↕6↕7↕8↕9↕1145820⋚
566↕夜间照明灯↕7↕7↕22630↕2↕4↕[5739240,6887088,8034936,9182784,10330632]↕44↕5↕6↕7↕8↕9↕1147848⋚
567↕救生圈↕8↕8↕22670↕2↕4↕[5749380,6899256,8049132,9199008,10348884]↕44↕5↕6↕7↕8↕9↕1149876⋚
568↕消防栓↕9↕9↕22710↕2↕4↕[5759520,6911424,8063328,9215232,10367136]↕44↕5↕6↕7↕8↕9↕1151904⋚
569↕港口缆绳↕10↕10↕22750↕2↕4↕[5769660,6923592,8077524,9231456,10385388]↕44↕5↕6↕7↕8↕9↕1153932⋚
570↕冲洗水枪↕11↕11↕22790↕2↕4↕[5779800,6935760,8091720,9247680,10403640]↕44↕5↕6↕7↕8↕9↕1155960⋚
571↕吊机↕12↕12↕22830↕2↕4↕[5789940,6947928,8105916,9263904,10421892]↕44↕5↕6↕7↕8↕9↕1157988⋚
572↕安全栏杆↕13↕13↕22870↕2↕4↕[5800080,6960096,8120112,9280128,10440144]↕44↕5↕6↕7↕8↕9↕1160016⋚
573↕抽水泵↕1↕1↕22910↕2↕4↕[5810220,6972264,8134308,9296352,10458396]↕45↕5↕6↕7↕8↕9↕1162044⋚
574↕闸门↕2↕2↕22950↕2↕4↕[5820360,6984432,8148504,9312576,10476648]↕45↕5↕6↕7↕8↕9↕1164072⋚
575↕排水管↕3↕3↕22990↕2↕4↕[5830500,6996600,8162700,9328800,10494900]↕45↕5↕6↕7↕8↕9↕1166100⋚
576↕闸口水泥墩↕4↕4↕23030↕2↕4↕[5840640,7008768,8176896,9345024,10513152]↕45↕5↕6↕7↕8↕9↕1168128⋚
577↕绿化带↕5↕5↕23070↕2↕4↕[5850780,7020936,8191092,9361248,10531404]↕45↕5↕6↕7↕8↕9↕1170156⋚
578↕广播喇叭↕6↕6↕23110↕2↕4↕[5860920,7033104,8205288,9377472,10549656]↕45↕5↕6↕7↕8↕9↕1172184⋚
579↕夜间照明灯↕7↕7↕23150↕2↕4↕[5871060,7045272,8219484,9393696,10567908]↕45↕5↕6↕7↕8↕9↕1174212⋚
580↕救生圈↕8↕8↕23190↕2↕4↕[5881200,7057440,8233680,9409920,10586160]↕45↕5↕6↕7↕8↕9↕1176240⋚
581↕消防栓↕9↕9↕23230↕2↕4↕[5891340,7069608,8247876,9426144,10604412]↕45↕5↕6↕7↕8↕9↕1178268⋚
582↕港口缆绳↕10↕10↕23270↕2↕4↕[5901480,7081776,8262072,9442368,10622664]↕45↕5↕6↕7↕8↕9↕1180296⋚
583↕冲洗水枪↕11↕11↕23310↕2↕4↕[5911620,7093944,8276268,9458592,10640916]↕45↕5↕6↕7↕8↕9↕1182324⋚
584↕吊机↕12↕12↕23350↕2↕4↕[5921760,7106112,8290464,9474816,10659168]↕45↕5↕6↕7↕8↕9↕1184352⋚
585↕安全栏杆↕13↕13↕23390↕2↕4↕[5931900,7118280,8304660,9491040,10677420]↕45↕5↕6↕7↕8↕9↕1186380⋚
586↕抽水泵↕1↕1↕23430↕2↕4↕[5942040,7130448,8318856,9507264,10695672]↕46↕5↕6↕7↕8↕9↕1188408⋚
587↕闸门↕2↕2↕23470↕2↕4↕[5952180,7142616,8333052,9523488,10713924]↕46↕5↕6↕7↕8↕9↕1190436⋚
588↕排水管↕3↕3↕23510↕2↕4↕[5962320,7154784,8347248,9539712,10732176]↕46↕5↕6↕7↕8↕9↕1192464⋚
589↕闸口水泥墩↕4↕4↕23550↕2↕4↕[5972460,7166952,8361444,9555936,10750428]↕46↕5↕6↕7↕8↕9↕1194492⋚
590↕绿化带↕5↕5↕23590↕2↕4↕[5982600,7179120,8375640,9572160,10768680]↕46↕5↕6↕7↕8↕9↕1196520⋚
591↕广播喇叭↕6↕6↕23630↕2↕4↕[5992740,7191288,8389836,9588384,10786932]↕46↕5↕6↕7↕8↕9↕1198548⋚
592↕夜间照明灯↕7↕7↕23670↕2↕4↕[6002880,7203456,8404032,9604608,10805184]↕46↕5↕6↕7↕8↕9↕1200576⋚
593↕救生圈↕8↕8↕23710↕2↕4↕[6013020,7215624,8418228,9620832,10823436]↕46↕5↕6↕7↕8↕9↕1202604⋚
594↕消防栓↕9↕9↕23750↕2↕4↕[6023160,7227792,8432424,9637056,10841688]↕46↕5↕6↕7↕8↕9↕1204632⋚
595↕港口缆绳↕10↕10↕23790↕2↕4↕[6033300,7239960,8446620,9653280,10859940]↕46↕5↕6↕7↕8↕9↕1206660⋚
596↕冲洗水枪↕11↕11↕23830↕2↕4↕[6043440,7252128,8460816,9669504,10878192]↕46↕5↕6↕7↕8↕9↕1208688⋚
597↕吊机↕12↕12↕23870↕2↕4↕[6053580,7264296,8475012,9685728,10896444]↕46↕5↕6↕7↕8↕9↕1210716⋚
598↕安全栏杆↕13↕13↕23910↕2↕4↕[6063720,7276464,8489208,9701952,10914696]↕46↕5↕6↕7↕8↕9↕1212744⋚
599↕抽水泵↕1↕1↕23950↕2↕4↕[6073860,7288632,8503404,9718176,10932948]↕47↕5↕6↕7↕8↕9↕1214772⋚
600↕闸门↕2↕2↕23990↕2↕4↕[6084000,7300800,8517600,9734400,10951200]↕47↕5↕6↕7↕8↕9↕1216800⋚
601↕排水管↕3↕3↕24030↕2↕4↕[6094140,7312968,8531796,9750624,10969452]↕47↕5↕6↕7↕8↕9↕1218828⋚
602↕闸口水泥墩↕4↕4↕24070↕2↕4↕[6104280,7325136,8545992,9766848,10987704]↕47↕5↕6↕7↕8↕9↕1220856⋚
603↕绿化带↕5↕5↕24110↕2↕4↕[6114420,7337304,8560188,9783072,11005956]↕47↕5↕6↕7↕8↕9↕1222884⋚
604↕广播喇叭↕6↕6↕24150↕2↕4↕[6124560,7349472,8574384,9799296,11024208]↕47↕5↕6↕7↕8↕9↕1224912⋚
605↕夜间照明灯↕7↕7↕24190↕2↕4↕[6134700,7361640,8588580,9815520,11042460]↕47↕5↕6↕7↕8↕9↕1226940⋚
606↕救生圈↕8↕8↕24230↕2↕4↕[6144840,7373808,8602776,9831744,11060712]↕47↕5↕6↕7↕8↕9↕1228968⋚
607↕消防栓↕9↕9↕24270↕2↕4↕[6154980,7385976,8616972,9847968,11078964]↕47↕5↕6↕7↕8↕9↕1230996⋚
608↕港口缆绳↕10↕10↕24310↕2↕4↕[6165120,7398144,8631168,9864192,11097216]↕47↕5↕6↕7↕8↕9↕1233024⋚
609↕冲洗水枪↕11↕11↕24350↕2↕4↕[6175260,7410312,8645364,9880416,11115468]↕47↕5↕6↕7↕8↕9↕1235052⋚
610↕吊机↕12↕12↕24390↕2↕4↕[6185400,7422480,8659560,9896640,11133720]↕47↕5↕6↕7↕8↕9↕1237080⋚
611↕安全栏杆↕13↕13↕24430↕2↕4↕[6195540,7434648,8673756,9912864,11151972]↕47↕5↕6↕7↕8↕9↕1239108⋚
612↕抽水泵↕1↕1↕24470↕2↕4↕[6205680,7446816,8687952,9929088,11170224]↕48↕5↕6↕7↕8↕9↕1241136⋚
613↕闸门↕2↕2↕24510↕2↕4↕[6215820,7458984,8702148,9945312,11188476]↕48↕5↕6↕7↕8↕9↕1243164⋚
614↕排水管↕3↕3↕24550↕2↕4↕[6225960,7471152,8716344,9961536,11206728]↕48↕5↕6↕7↕8↕9↕1245192⋚
615↕闸口水泥墩↕4↕4↕24590↕2↕4↕[6236100,7483320,8730540,9977760,11224980]↕48↕5↕6↕7↕8↕9↕1247220⋚
616↕绿化带↕5↕5↕24630↕2↕4↕[6246240,7495488,8744736,9993984,11243232]↕48↕5↕6↕7↕8↕9↕1249248⋚
617↕广播喇叭↕6↕6↕24670↕2↕4↕[6256380,7507656,8758932,10010208,11261484]↕48↕5↕6↕7↕8↕9↕1251276⋚
618↕夜间照明灯↕7↕7↕24710↕2↕4↕[6266520,7519824,8773128,10026432,11279736]↕48↕5↕6↕7↕8↕9↕1253304⋚
619↕救生圈↕8↕8↕24750↕2↕4↕[6276660,7531992,8787324,10042656,11297988]↕48↕5↕6↕7↕8↕9↕1255332⋚
620↕消防栓↕9↕9↕24790↕2↕4↕[6286800,7544160,8801520,10058880,11316240]↕48↕5↕6↕7↕8↕9↕1257360⋚
621↕港口缆绳↕10↕10↕24830↕2↕4↕[6296940,7556328,8815716,10075104,11334492]↕48↕5↕6↕7↕8↕9↕1259388⋚
622↕冲洗水枪↕11↕11↕24870↕2↕4↕[6307080,7568496,8829912,10091328,11352744]↕48↕5↕6↕7↕8↕9↕1261416⋚
623↕吊机↕12↕12↕24910↕2↕4↕[6317220,7580664,8844108,10107552,11370996]↕48↕5↕6↕7↕8↕9↕1263444⋚
624↕安全栏杆↕13↕13↕24950↕2↕4↕[6327360,7592832,8858304,10123776,11389248]↕48↕5↕6↕7↕8↕9↕1265472