1в†•1в†•[2,2,3,1,4,2,3,5,6,5,6]в†•[[2,3],[6,1],[1,0]]в†•10в†•10в‹љ
2в†•2в†•[4,8,6,2,3,10,1,7]в†•[[2,4],[3,2],[4,1],[1,4],[2,3],[1,3],[0,1],[6,0]]в†•10в†•50в‹љ
3в†•3в†•[5,9,3,11,2,1,4,7]в†•[[3,3],[3,0],[4,2],[5,1],[4,1],[2,3],[2,4],[5,3]]в†•10в†•90в‹љ
4в†•4в†•[10,9,4,2,7,6,1,8]в†•[[4,2],[6,1],[0,2],[1,2],[2,1],[5,3]]в†•10в†•130в‹љ
5в†•5в†•[6,6,2,9,11,8,3,4]в†•[[1,2],[5,0],[0,0],[5,4],[4,1],[4,2],[6,1]]в†•10в†•170в‹љ
6в†•6в†•[9,4,5,11,6,8,7,10]в†•[[0,3],[6,0]]в†•10в†•210в‹љ
7в†•7в†•[3,9,7,11,8,2,3,5]в†•[[0,1],[0,2],[6,4],[1,3],[5,3],[0,0],[4,0],[6,1]]в†•10в†•250в‹љ
8в†•8в†•[10,11,1,9,5,3,6,7]в†•[[1,0],[0,4],[5,1],[3,3],[6,3],[4,1],[5,2]]в†•10в†•290в‹љ
9в†•9в†•[8,2,10,9,3,4,7,1]в†•[[6,4],[3,0],[4,1],[0,0],[6,2],[1,0],[2,2]]в†•10в†•330в‹љ
10в†•10в†•[5,11,7,8,6,3,1,4]в†•[[2,4],[1,0],[4,0],[6,2],[3,3],[5,1],[3,0]]в†•10в†•370в‹љ
11в†•1в†•[4,10,8,1,3,5,7,6]в†•[[1,3],[6,0],[1,4],[2,0],[0,3],[0,4],[2,3]]в†•10в†•410в‹љ
12в†•2в†•[11,3,6,1,7,10,8,5]в†•[[3,2],[3,0],[6,1],[6,3],[4,2],[4,1],[4,0]]в†•10в†•450в‹љ
13в†•3в†•[10,3,7,6,5,8,9,11]в†•[[4,4],[6,0],[3,2],[1,2]]в†•10в†•490в‹љ
14в†•4в†•[4,3,11,1,10,6,5,8]в†•[[5,2],[0,4],[1,2],[6,2],[3,2],[2,1]]в†•10в†•530в‹љ
15в†•5в†•[1,6,8,5,10,7,4,9]в†•[[0,3],[2,2],[4,2],[6,4],[0,1]]в†•10в†•570в‹љ
16в†•6в†•[3,7,1,10,5,6,11,9]в†•[[6,0],[1,1],[4,4],[1,3],[4,0],[5,2],[0,3]]в†•10в†•610в‹љ
17в†•7в†•[8,6,4,7,2,10,5,1]в†•[[5,4],[2,3],[0,0],[4,2],[4,3],[3,3],[0,1]]в†•10в†•650в‹љ
18в†•8в†•[8,11,2,10,5,6,7,4]в†•[[2,4],[5,0],[4,3],[0,0]]в†•10в†•690в‹љ
19в†•9в†•[2,1,3,5,4,11,6,10]в†•[[6,4],[0,2],[4,0],[2,3],[3,1],[1,0],[0,4],[6,3]]в†•10в†•730в‹љ
20в†•10в†•[6,9,1,3,7,11,10,2]в†•[[5,4],[0,3],[4,1],[2,4],[1,2],[3,3],[6,2],[1,3]]в†•10в†•770в‹љ
21в†•1в†•[1,9,8,7,4,11,6,7]в†•[[3,0],[5,1],[2,0],[3,2],[0,1],[2,1],[4,3],[6,2],[0,8]]в†•10в†•810в‹љ
22в†•2в†•[1,8,9,6,11,7,4,2]в†•[[1,4],[1,3],[6,1],[3,4],[6,3],[2,4]]в†•10в†•850в‹љ
23в†•3в†•[4,6,11,7,1,9,5,2]в†•[[2,0],[5,0],[2,1],[1,3],[6,2],[6,0],[2,3]]в†•10в†•890в‹љ
24в†•4в†•[2,8,4,5,10,7,9,6]в†•[[2,0],[0,2],[5,2],[1,0]]в†•10в†•930в‹љ
25в†•5в†•[3,8,2,4,11,7,9,1]в†•[[1,2],[0,3],[5,4],[6,3],[2,4],[6,4],[1,1]]в†•10в†•970в‹љ
26в†•6в†•[10,4,9,8,3,5,2,7]в†•[[1,2],[2,1],[3,1],[0,1],[1,1]]в†•10в†•1010в‹љ
27в†•7в†•[11,3,6,4,7,8,10,5]в†•[[2,0],[4,1],[1,2],[0,1]]в†•10в†•1050в‹љ
28в†•8в†•[8,3,10,7,4,2,11,9]в†•[[3,2],[3,0],[6,2],[4,3]]в†•10в†•1090в‹љ
29в†•9в†•[1,3,11,6,5,2,8,9]в†•[[0,3],[0,2],[2,4],[6,0],[1,1],[3,0],[3,4],[5,1]]в†•10в†•1130в‹љ
30в†•10в†•[3,4,11,5,8,7,9,6]в†•[[2,0],[0,3],[6,4],[4,3]]в†•10в†•1170в‹љ
31в†•1в†•[1,2,5,7,11,4,10,3]в†•[[6,3],[4,1],[0,4],[1,1],[2,3],[3,0],[6,1],[5,2]]в†•10в†•1210в‹љ
32в†•2в†•[9,6,3,8,2,1,5,4]в†•[[2,4],[6,0],[0,3],[6,1],[0,2],[3,4],[0,1],[5,4]]в†•10в†•1250в‹љ
33в†•3в†•[1,9,7,11,4,10,5,2]в†•[[1,2],[5,2],[2,1],[6,2],[4,3],[3,3]]в†•10в†•1290в‹љ
34в†•4в†•[1,10,9,11,2,3,4,5]в†•[[6,4],[5,4],[0,2],[1,1],[1,0],[1,2],[1,4]]в†•10в†•1330в‹љ
35в†•5в†•[6,1,8,9,3,4,7,5]в†•[[6,0],[3,3],[5,1],[1,2],[3,0],[5,0],[2,4]]в†•10в†•1370в‹љ
36в†•6в†•[6,1,11,10,9,2,5,4]в†•[[4,3],[0,3],[5,1],[2,2],[5,2],[4,4]]в†•10в†•1410в‹љ
37в†•7в†•[2,8,5,3,9,6,11,7]в†•[[1,2],[0,0],[3,1],[0,1],[6,4],[5,3]]в†•10в†•1450в‹љ
38в†•8в†•[2,1,10,4,8,7,9,11]в†•[[1,4],[6,0],[0,0],[4,0],[4,2]]в†•10в†•1490в‹љ
39в†•9в†•[11,7,10,1,5,4,9,8]в†•[[1,4],[3,3],[6,4],[0,3]]в†•10в†•1530в‹љ
40в†•10в†•[8,1,4,9,6,7,3,5]в†•[[1,0],[3,1],[6,0],[0,1],[5,2],[0,4],[6,2]]в†•10в†•1570в‹љ
41в†•1в†•[5,10,2,1,8,11,7,4]в†•[[0,3],[2,4],[0,2],[3,1],[1,3],[1,4]]в†•10в†•1610в‹љ
42в†•2в†•[6,11,7,3,8,1,4,2]в†•[[0,3],[2,1],[1,4],[6,0],[2,2],[3,4],[3,0],[3,2]]в†•10в†•1650в‹љ
43в†•3в†•[8,10,4,6,11,2,5,9]в†•[[5,0],[4,0],[6,4]]в†•10в†•1690в‹љ
44в†•4в†•[7,9,5,4,8,1,2,11]в†•[[1,4],[0,1],[6,1],[5,1],[6,3],[3,4]]в†•10в†•1730в‹љ
45в†•5в†•[4,1,10,2,3,9,6,5]в†•[[6,3],[5,4],[4,0],[1,2],[4,1],[6,2],[0,0],[3,1]]в†•10в†•1770в‹љ
46в†•6в†•[11,2,6,5,4,7,8,10]в†•[[0,0],[1,0],[4,3],[2,0]]в†•10в†•1810в‹љ
47в†•7в†•[6,8,9,3,2,5,1,11]в†•[[1,2],[3,0],[3,2],[0,0],[2,1],[4,4],[1,3],[0,3]]в†•10в†•1850в‹љ
48в†•8в†•[7,6,8,1,3,2,11,4]в†•[[0,0],[0,1],[5,4],[2,3],[2,0],[3,2],[3,0],[2,4]]в†•10в†•1890в‹љ
49в†•9в†•[6,11,5,8,3,10,4,1]в†•[[4,1],[4,2],[2,4],[1,4],[1,2],[3,2]]в†•10в†•1930в‹љ
50в†•10в†•[1,2,7,10,9,11,4,3]в†•[[0,2],[5,2],[1,0],[1,4],[2,1],[3,4],[6,4]]в†•10в†•1970в‹љ
51в†•1в†•[5,1,8,10,3,7,9,11]в†•[[1,2],[1,3],[6,1],[4,2],[0,0],[4,1]]в†•10в†•2010в‹љ
52в†•2в†•[4,10,2,3,6,7,1,11]в†•[[6,2],[1,2],[2,4],[3,1],[4,4],[3,2],[3,4],[1,0]]в†•10в†•2050в‹љ
53в†•3в†•[5,9,6,1,3,10,2,11]в†•[[3,0],[1,1],[5,1],[3,4],[3,3],[0,3],[6,1],[0,2]]в†•10в†•2090в‹љ
54в†•4в†•[9,1,3,11,10,8,2,5]в†•[[3,1],[0,0],[1,2],[0,4],[5,2],[1,4],[2,0]]в†•10в†•2130в‹љ
55в†•5в†•[10,4,2,11,8,9,5,1]в†•[[5,4],[6,3],[5,3],[6,0],[2,1]]в†•10в†•2170в‹љ
56в†•6в†•[6,11,4,3,1,10,8,5]в†•[[4,0],[4,1],[5,4],[2,1],[1,3],[6,2]]в†•10в†•2210в‹љ
57в†•7в†•[4,3,7,8,1,10,11,6]в†•[[1,3],[0,1],[3,4],[0,4],[3,2],[1,2]]в†•10в†•2250в‹љ
58в†•8в†•[1,8,10,11,7,9,5,4]в†•[[3,0],[0,0],[4,3],[6,0]]в†•10в†•2290в‹љ
59в†•9в†•[11,9,3,7,2,5,8,10]в†•[[0,2],[0,0],[4,3],[0,4],[1,2]]в†•10в†•2330в‹љ
60в†•10в†•[11,1,7,8,4,10,5,3]в†•[[1,1],[4,2],[2,0],[0,0],[5,1],[3,4]]в†•10в†•2370в‹љ
61в†•1в†•[8,1,4,6,2,10,3,9]в†•[[2,4],[6,2],[4,3],[4,0],[2,0],[3,2],[1,2]]в†•10в†•2410в‹љ
62в†•2в†•[10,4,3,6,5,1,9,8]в†•[[0,2],[5,2],[2,3],[4,0],[6,3],[1,0]]в†•10в†•2450в‹љ
63в†•3в†•[11,1,5,9,3,2,8,7]в†•[[3,1],[6,0],[1,0],[0,4],[5,2],[6,4],[1,1],[2,2]]в†•10в†•2490в‹љ
64в†•4в†•[4,9,8,10,5,1,6,2]в†•[[1,1],[5,2],[6,4],[2,4],[1,0],[2,3]]в†•10в†•2530в‹љ
65в†•5в†•[1,11,3,9,7,8,5,6]в†•[[1,0],[5,3],[0,0],[0,1],[3,2],[5,1],[3,0]]в†•10в†•2570в‹љ
66в†•6в†•[8,9,1,3,5,10,11,4]в†•[[0,0],[3,0],[2,3],[0,1],[6,1]]в†•10в†•2610в‹љ
67в†•7в†•[5,8,1,6,3,9,7,11]в†•[[6,3],[4,3],[2,1],[4,1],[0,3],[0,4],[1,3]]в†•10в†•2650в‹љ
68в†•8в†•[1,7,5,3,9,2,6,10]в†•[[3,0],[0,1],[0,2],[1,1],[3,1],[4,1],[5,4],[1,4],[6,1]]в†•10в†•2690в‹љ
69в†•9в†•[8,3,5,10,6,2,11,7]в†•[[3,4],[0,0],[1,4],[4,1],[5,1],[3,3]]в†•10в†•2730в‹љ
70в†•10в†•[7,8,2,3,11,1,4,6]в†•[[0,0],[5,0],[0,1],[4,3],[4,2],[6,2],[1,3],[2,3]]в†•10в†•2770в‹љ
71в†•1в†•[6,5,10,4,3,11,9,7]в†•[[5,4],[6,3],[1,1],[5,2]]в†•10в†•2810в‹љ
72в†•2в†•[7,1,5,6,3,10,11,9]в†•[[4,2],[0,3],[6,2],[0,2],[3,2],[2,3],[3,1]]в†•10в†•2850в‹љ
73в†•3в†•[1,4,8,3,9,2,6,7]в†•[[1,2],[0,2],[1,3],[2,3],[4,0],[5,2],[1,1],[6,3]]в†•10в†•2890в‹љ
74в†•4в†•[6,10,11,3,1,8,2,5]в†•[[0,0],[1,3],[0,1],[5,4],[6,0],[3,1],[5,2],[6,3]]в†•10в†•2930в‹љ
75в†•5в†•[3,9,8,4,10,2,5,7]в†•[[4,0],[6,0],[3,2],[6,2],[4,2]]в†•10в†•2970в‹љ
76в†•6в†•[4,10,9,2,1,7,6,3]в†•[[0,3],[3,1],[4,3],[3,2],[0,2],[2,3],[5,1],[2,1]]в†•10в†•3010в‹љ
77в†•7в†•[1,7,6,11,10,2,4,8]в†•[[1,0],[5,2],[4,0],[6,3],[3,1],[3,0]]в†•10в†•3050в‹љ
78в†•8в†•[11,5,8,6,10,7,4,1]в†•[[5,2],[4,0],[1,0],[6,3],[6,0]]в†•10в†•3090в‹љ
79в†•9в†•[1,11,4,3,7,10,6,8]в†•[[3,0],[2,1],[6,1],[0,4],[5,1],[0,0]]в†•10в†•3130в‹љ
80в†•10в†•[9,3,4,6,5,2,1,7]в†•[[1,1],[0,0],[2,1],[1,3],[3,2],[4,1],[1,2],[3,0],[2,3]]в†•10в†•3170в‹љ
81в†•1в†•[2,5,4,3,6,7,1,8]в†•[[4,3],[3,1],[2,0],[3,3],[6,3],[5,2],[0,0],[1,4],[0,1]]в†•10в†•3210в‹љ
82в†•2в†•[5,7,6,1,11,3,10,8]в†•[[3,0],[0,4],[5,4],[2,2],[1,2],[3,1],[4,1]]в†•10в†•3250в‹љ
83в†•3в†•[4,6,7,8,9,11,5,3]в†•[[0,3],[0,2],[6,4],[4,1]]в†•10в†•3290в‹љ
84в†•4в†•[7,11,10,2,9,4,5,6]в†•[[1,0],[1,1],[3,1],[3,0]]в†•10в†•3330в‹љ
85в†•5в†•[8,2,7,6,1,3,4,5]в†•[[1,1],[4,0],[1,2],[2,3],[0,2],[5,3],[4,1],[5,1],[2,2]]в†•10в†•3370в‹љ
86в†•6в†•[8,3,7,1,11,4,10,9]в†•[[0,2],[2,4],[4,3],[5,0],[0,1]]в†•10в†•3410в‹љ
87в†•7в†•[7,10,3,4,11,2,5,1]в†•[[3,1],[1,0],[4,3],[0,4],[5,0],[0,3],[5,4],[1,4]]в†•10в†•3450в‹љ
88в†•8в†•[1,8,2,7,11,6,9,5]в†•[[3,3],[6,0],[2,0],[3,4],[1,3],[5,0],[2,2]]в†•10в†•3490в‹љ
89в†•9в†•[2,7,3,4,11,6,9,10]в†•[[4,3],[4,2],[6,1],[1,4],[3,0]]в†•10в†•3530в‹љ
90в†•10в†•[2,6,10,7,5,8,11,4]в†•[[2,2],[0,3],[0,0],[2,1]]в†•10в†•3570в‹љ
91в†•1в†•[6,3,11,9,10,4,8,1]в†•[[0,3],[1,2],[4,1],[5,2],[0,2]]в†•10в†•3610в‹љ
92в†•2в†•[4,3,7,10,2,5,8,1]в†•[[2,0],[3,0],[4,1],[0,2],[1,4],[2,2],[5,0],[1,1]]в†•10в†•3650в‹љ
93в†•3в†•[9,8,10,1,7,2,3,5]в†•[[0,0],[3,1],[6,3],[6,2],[3,3],[0,1],[2,1],[6,4]]в†•10в†•3690в‹љ
94в†•4в†•[8,1,6,9,4,7,3,11]в†•[[1,1],[2,2],[2,1],[1,0],[0,4],[6,1]]в†•10в†•3730в‹љ
95в†•5в†•[1,9,5,7,10,6,11,8]в†•[[0,1],[0,3],[3,0],[1,2],[2,3]]в†•10в†•3770в‹љ
96в†•6в†•[6,2,10,9,8,4,1,5]в†•[[1,3],[4,3],[6,0],[5,1],[2,2],[3,1]]в†•10в†•3810в‹љ
97в†•7в†•[1,3,8,2,6,4,7,5]в†•[[0,3],[6,0],[6,1],[2,4],[4,0],[0,0],[5,0],[5,3],[6,3]]в†•10в†•3850в‹љ
98в†•8в†•[7,2,4,8,10,6,9,11]в†•[[1,2],[0,1],[3,2]]в†•10в†•3890в‹љ
99в†•9в†•[5,10,8,2,9,7,1,6]в†•[[0,2],[6,0],[5,0],[1,3],[1,1],[3,2],[6,2]]в†•10в†•3930в‹љ
100в†•10в†•[5,10,7,2,11,6,1,9]в†•[[4,3],[4,2],[0,4],[1,4],[2,0],[0,0],[5,2]]в†•10в†•3970в‹љ
101в†•1в†•[4,1,2,3,6,10,8,11]в†•[[4,3],[2,3],[0,3],[5,2],[3,2],[0,1],[5,3]]в†•10в†•4010в‹љ
102в†•2в†•[1,9,8,7,4,11,6,4]в†•[[3,0],[5,1],[2,0],[3,2],[0,1],[2,1],[4,3],[6,2],[0,5]]в†•10в†•4050в‹љ
103в†•3в†•[5,10,8,1,6,2,3,11]в†•[[1,0],[0,0],[1,2],[1,3],[2,3],[5,3],[0,1],[4,4],[2,1],[6,2],[2,2]]в†•10в†•4090в‹љ
104в†•4в†•[1,9,8,7,4,11,6,5]в†•[[3,0],[5,1],[2,0],[3,2],[0,1],[2,1],[4,3],[6,2],[0,6]]в†•10в†•4130в‹љ
105в†•5в†•[5,10,8,1,6,2,3,12]в†•[[1,0],[0,0],[1,2],[1,3],[2,3],[5,3],[0,1],[4,4],[2,1],[6,2],[2,3]]в†•10в†•4170в‹љ
106в†•6в†•[1,9,8,7,4,11,6,6]в†•[[3,0],[5,1],[2,0],[3,2],[0,1],[2,1],[4,3],[6,2],[0,7]]в†•10в†•4210в‹љ
107в†•7в†•[5,10,8,1,6,2,3,13]в†•[[1,0],[0,0],[1,2],[1,3],[2,3],[5,3],[0,1],[4,4],[2,1],[6,2],[2,4]]в†•10в†•4250в‹љ
108в†•8в†•[1,9,8,7,4,11,6,7]в†•[[3,0],[5,1],[2,0],[3,2],[0,1],[2,1],[4,3],[6,2],[0,8]]в†•10в†•4290